0.359681
0.341597
0.322810
0.304639
0.288551
0.275637
0.266220
0.259898
0.255914
0.253513
0.252105
0.251293
0.250830
0.250566
0.250415
0.250329
0.250278
0.250248
0.250229
0.250217
0.250208
0.250202
0.250196
0.250192
0.250187
0.250183
0.250179
0.250175
0.250171
0.250167
0.250163
0.250160
0.250156
0.250152
0.250149
0.250145
0.250141
0.250138
0.250134
0.250131
0.250127
0.250124
0.250120
0.250117
0.250113
0.250110
0.250106
0.250103
0.250100
0.250096
0.250093
0.250090
0.250087
0.250083
0.250080
0.250077
0.250074
0.250070
0.250067
0.250064
0.250061
0.250058
0.250055
0.250052
0.250049
0.250046
0.250042
0.250039
0.250036
0.250033
0.250030
0.250027
0.250024
0.250021
0.250018
0.250016
0.250013
0.250010
0.250007
0.250004
0.250001
0.249998
0.249995
0.249992
0.249989
0.249986
0.249984
0.249981
0.249978
0.249975
0.249972
0.249969
0.249967
0.249964
0.249961
0.249958
0.249955
0.249952
0.249950
0.249947
0.249944
0.249941
0.249938
0.249936
0.249933
0.249930
0.249927
0.249924
0.249922
0.249919
0.249916
0.249913
0.249910
0.249907
0.249905
0.249902
0.249899
0.249896
0.249893
0.249891
0.249888
0.249885
0.249882
0.249879
0.249876
0.249874
0.249871
0.249868
0.249865
0.249862
0.249859
0.249856
0.249854
0.249851
0.249848
0.249845
0.249842
0.249839
0.249836
0.249833
0.249830
0.249827
0.249824
0.249821
0.249818
0.249815
0.249812
0.249809
0.249806
0.249803
0.249800
0.249797
0.249794
0.249791
0.249788
0.249785
0.249782
0.249779
0.249775
0.249772
0.249769
0.249766
0.249763
0.249759
0.249756
0.249753
0.249750
0.249746
0.249743
0.249740
0.249736
0.249733
0.249730
0.249726
0.249723
0.249719
0.249716
0.249713
0.249709
0.249706
0.249702
0.249698
0.249695
0.249691
0.249688
0.249684
0.249680
0.249677
0.249673
0.249669
0.249666
0.249662
0.249658
0.249654
0.249650
0.249646
0.249642
0.249639
0.249635
0.249631
0.249627
0.249623
0.249618
0.249614
0.249610
0.249606
0.249602
0.249598
0.249593
0.249589
0.249585
0.249580
0.249576
0.249572
0.249567
0.249563
0.249558
0.249554
0.249549
0.249544
0.249540
0.249535
0.249530
0.249525
0.249521
0.249516
0.249511
0.249506
0.249501
0.249496
0.249491
0.249486
0.249480
0.249475
0.249470
0.249465
0.249459
0.249454
0.249448
0.249443
0.249437
0.249432
0.249426
0.249420
0.249415
0.249409
0.249403
0.249397
0.249391
0.249385
0.249379
0.249373
0.249367
0.249360
0.249354
0.249348
0.249341
0.249335
0.249328
0.249322
0.249315
0.249308
0.249301
0.249295
0.249288
0.249281
0.249273
0.249266
0.249259
0.249252
0.249244
0.249237
0.249229
0.249222
0.249214
0.249206
0.249198
0.249191
0.249183
0.249174
0.249166
0.249158
0.249150
0.249141
0.249133
0.249124
0.249115
0.249107
0.249098
0.249089
0.249080
0.249070
0.249061
0.249052
0.249042
0.249033
0.249023
0.249013
0.249003
0.248993
0.248983
0.248973
0.248963
0.248952
0.248942
0.248931
0.248920
0.248909
0.248898
0.248887
0.248876
0.248864
0.248853
0.248841
0.248829
0.248817
0.248805
0.248793
0.248780
0.248768
0.248755
0.248742
0.248729
0.248716
0.248703
0.248690
0.248676
0.248662
0.248648
0.248634
0.248620
0.248606
0.248591
0.248576
0.248562
0.248546
0.248531
0.248516
0.248500
0.248484
0.248468
0.248452
0.248436
0.248419
0.248402
0.248385
0.248368
0.248351
0.248333
0.248315
0.248297
0.248279
0.248261
0.248242
0.248223
0.248204
0.248185
0.248165
0.248145
0.248125
0.248105
0.248084
0.248063
0.248042
0.248021
0.247999
0.247977
0.247955
0.247933
0.247910
0.247887
0.247864
0.247840
0.247816
0.247792
0.247767
0.247743
0.247718
0.247692
0.247667
0.247640
0.247614
0.247587
0.247560
0.247533
0.247505
0.247477
0.247449
0.247420
0.247391
0.247362
0.247332
0.247302
0.247271
0.247240
0.247209
0.247177
0.247145
0.247112
0.247079
0.247046
0.247012
0.246978
0.246943
0.246908
0.246873
0.246837
0.246800
0.246763
0.246726
0.246688
0.246650
0.246611
0.246572
0.246532
0.246492
0.246451
0.246410
0.246368
0.246326
0.246283
0.246240
0.246196
0.246151
0.246106
0.246061
0.246015
0.245968
0.245921
0.245873
0.245825
0.245776
0.245726
0.245676
0.245625
0.245573
0.245521
0.245468
0.245415
0.245361
0.245306
0.245251
0.245195
0.245138
0.245080
0.245022
0.244963
0.244904
0.244843
0.244782
0.244720
0.244658
0.244594
0.244530
0.244465
0.244400
0.244333
0.244266
0.244198
0.244129
0.244059
0.243989
0.243917
0.243845
0.243772
0.243698
0.243623
0.243548
0.243471
0.243393
0.243315
0.243236
0.243155
0.243074
0.242992
0.242909
0.242824
0.242739
0.242653
0.242566
0.242478
0.242389
0.242299
0.242207
0.242115
0.242022
0.241927
0.241832
0.241735
0.241637
0.241538
0.241439
0.241337
0.241235
0.241132
0.241027
0.240921
0.240815
0.240706
0.240597
0.240487
0.240375
0.240262
0.240147
0.240032
0.239915
0.239797
0.239677
0.239557
0.239435
0.239311
0.239187
0.239060
0.238933
0.238804
0.238674
0.238542
0.238410
0.238275
0.238139
0.238002
0.237863
0.237723
0.237582
0.237439
0.237294
0.237148
0.237000
0.236851
0.236701
0.236549
0.236395
0.236240
0.236083
0.235925
0.235765
0.235603
0.235440
0.235276
0.235110
0.234942
0.234772
0.234601
0.234429
0.234255
0.234079
0.233901
0.233722
0.233541
0.233359
0.233175
0.232989
0.232802
0.232613
0.232423
0.232230
0.232037
0.231841
0.231644
0.231445
0.231245
0.231043
0.230839
0.230634
0.230427
0.230219
0.230009
0.229798
0.229585
0.229370
0.229154
0.228936
0.228717
0.228496
0.228274
0.228050
0.227824
0.227598
0.227370
0.227140
0.226909
0.226677
0.226443
0.226208
0.225972
0.225734
0.225495
0.225255
0.225013
0.224771
0.224527
0.224282
0.224036
0.223788
0.223540
0.223291
0.223040
0.222789
0.222536
0.222283
0.222029
0.221774
0.221518
0.221261
0.221003
0.220745
0.220486
0.220227
0.219966
0.219705
0.219444
0.219182
0.218919
0.218656
0.218393
0.218129
0.217865
0.217601
0.217336
0.217071
0.216805
0.216540
0.216274
0.216009
0.215743
0.215477
0.215211
0.214945
0.214680
0.214414
0.214149
0.213883
0.213618
0.213353
0.213089
0.212824
0.212560
0.212297
0.212033
0.211771
0.211508
0.211246
0.210985
0.210724
0.210464
0.210204
0.209945
0.209687
0.209429
0.209172
0.208916
0.208661
0.208406
0.208152
0.207900
0.207647
0.207396
0.207146
0.206896
0.206648
0.206401
0.206154
0.205909
0.205664
0.205421
0.205178
0.204937
0.204697
0.204458
0.204220
0.203983
0.203747
0.203512
0.203279
0.203047
0.202816
0.202586
0.202357
0.202130
0.201904
0.201679
0.201455
0.201233
0.201012
0.200792
0.200573
0.200356
0.200140
0.199925
0.199711
0.199499
0.199288
0.199079
0.198870
0.198663
0.198458
0.198253
0.198050
0.197848
0.197648
0.197449
0.197251
0.197054
0.196859
0.196665
0.196473
0.196281
0.196091
0.195902
0.195715
0.195529
0.195344
0.195160
0.194978
0.194797
0.194617
0.194439
0.194261
0.194085
0.193911
0.193737
0.193565
0.193394
0.193224
0.193055
0.192888
0.192722
0.192557
0.192393
0.192231
0.192069
0.191909
0.191750
0.191592
0.191435
0.191280
0.191125
0.190972
0.190820
0.190669
0.190519
0.190370
0.190222
0.190075
0.189930
0.189785
0.189642
0.189499
0.189358
0.189218
0.189078
0.188940
0.188803
0.188667
0.188532
0.188397
0.188264
0.188132
0.188001
0.187870
0.187741
0.187613
0.187485
0.187359
0.187233
0.187108
0.186984
0.186862
0.186740
0.186618
0.186498
0.186379
0.186260
0.186143
0.186026
0.185910
0.185795
0.185680
0.185567
0.185454
0.185342
0.185231
0.185121
0.185011
0.184903
0.184795
0.184687
0.184581
0.184475
0.184370
0.184266
0.184162
0.184060
0.183957
0.183856
0.183755
0.183655
0.183556
0.183457
0.183359
0.183262
0.183165
0.183069
0.182973
0.182879
0.182784
0.182691
0.182598
0.182505
0.182414
0.182322
0.182232
0.182142
0.182052
0.181964
0.181875
0.181788
0.181700
0.181614
0.181528
0.181442
0.181357
0.181272
0.181188
0.181105
0.181022
0.180939
0.180857
0.180776
0.180695
0.180614
0.180534
0.180454
0.180375
0.180296
0.180218
0.180140
0.180063
0.179986
0.179909
0.179833
0.179757
0.179682
0.179607
0.179532
0.179458
0.179384
0.179311
0.179238
0.179165
0.179092
0.179021
0.178949
0.178878
0.178807
0.178736
0.178666
0.178596
0.178526
0.178457
0.178388
0.178319
0.178251
0.178183
0.178115
0.178047
0.177980
0.177913
0.177846
0.177780
0.177714
0.177648
0.177582
0.177517
0.177451
0.177386
0.177322
0.177257
0.177193
0.177129
0.177065
0.177001
0.176937
0.176874
0.176811
0.176748
0.176685
0.176622
0.176560
0.176497
0.176435
0.176373
0.176311
0.176249
0.176188
0.176126
0.176065
0.176003
0.175942
0.175881
0.175820
0.175759
0.175698
0.175637
0.175576
0.175515
0.175455
0.175394
0.175333
0.175273
0.175212
0.175151
0.175091
0.175030
0.174969
0.174909
0.174848
0.174787
0.174726
0.174666
0.174605
0.174544
0.174483
0.174421
0.174360
0.174299
0.174237
0.174176
0.174114
0.174052
0.173990
0.173927
0.173865
0.173802
0.173739
0.173676
0.173613
0.173549
0.173486
0.173421
0.173357
0.173292
0.173227
0.173162
0.173096
0.173030
0.172964
0.172897
0.172829
0.172762
0.172693
0.172625
0.172556
0.172486
0.172416
0.172345
0.172274
0.172202
0.172129
0.172056
0.171982
0.171908
0.171833
0.171757
0.171680
0.171602
0.171524
0.171445
0.171365
0.171283
0.171201
0.171118
0.171034
0.170949
0.170863
0.170775
0.170687
0.170597
0.170505
0.170413
0.170319
0.170223
0.170127
0.170028
0.169928
0.169826
0.169723
0.169617
0.169510
0.169401
0.169290
0.169177
0.169061
0.168944
0.168824
0.168702
0.168577
0.168449
0.168319
0.168186
0.168050
0.167911
0.167769
0.167624
0.167476
0.167323
0.167168
0.167008
0.166845
0.166677
0.166506
0.166329
0.166149
0.165964
0.165774
0.165578
0.165378
0.165173
0.164961
0.164744
0.164521
0.164292
0.164057
0.163815
0.163566
0.163310
0.163047
0.162777
0.162499
0.162213
0.161920
0.161618
0.161308
0.160989
0.160662
0.160325
0.159980
0.159626
0.159262
0.158889
0.158507
0.158115
0.157713
0.157302
0.156882
0.156452
0.156012
0.155564
0.155105
0.154638
0.154162
0.153677
0.153183
0.152681
0.152170
0.151652
0.151125
0.150591
0.150050
0.149501
0.148945
0.148383
0.147814
0.147239
0.146657
0.146069
0.145475
0.144875
0.144269
0.143657
0.143039
0.142415
0.141785
0.141149
0.140508
0.139860
0.139206
0.138545
0.137879
0.137206
0.136526
0.135840
0.135147
0.134447
0.133741
0.133027
0.132307
0.131580
0.130845
0.130104
0.129355
0.128600
0.127837
0.127068
0.126291
0.125508
0.124717
0.123920
0.123117
0.122307
0.121490
0.120668
0.119839
0.119004
0.118164
0.117318
0.116466
0.115610
0.114749
0.113883
0.113012
0.112138
0.111259
0.110377
0.109491
0.108603
0.107711
0.106817
0.105920
0.105022
0.104122
0.103221
0.102318
0.101415
0.100511
0.099607
0.098704
0.097801
0.096898
0.095997
0.095096
0.094198
0.093301
0.092407
0.091515
0.090626
0.089740
0.088857
0.087977
0.087102
0.086231
0.085363
0.084501
0.083643
0.082790
0.081942
0.081099
0.080263
0.079431
0.078606
0.077787
0.076974
0.076167
0.075367
0.074574
0.073787
0.073007
0.072234
0.071469
0.070710
0.069959
0.069215
0.068478
0.067749
0.067028
0.066314
0.065607
0.064909
0.064218
0.063534
0.062859
0.062191
0.061531
0.060878
0.060233
0.059596
0.058967
0.058345
0.057731
0.057124
0.056525
0.055934
0.055350
0.054773
0.054204
0.053642
0.053088
0.052540
0.052000
0.051467
0.050941
0.050422
0.049910
0.049405
0.048907
0.048415
0.047930
0.047451
0.046979
0.046514
0.046055
0.045602
0.045155
0.044714
0.044280
0.043851
0.043429
0.043012
0.042600
0.042195
0.041795
0.041401
0.041012
0.040628
0.040250
0.039877
0.039509
0.039146
0.038788
0.038435
0.038087
0.037743
0.037404
0.037070
0.036741
0.036416
0.036095
0.035779
0.035467
0.035159
0.034856
0.034556
0.034261
0.033969
0.033682
0.033398
0.033118
0.032842
0.032569
0.032300
0.032035
0.031773
0.031514
0.031259
0.031008
0.030759
0.030514
0.030272
0.030033
0.029797
0.029564
0.029334
0.029108
0.028884
0.028662
0.028444
0.028228
0.028016
0.027805
0.027598
0.027393
0.027190
0.026990
0.026793
0.026598
0.026405
0.026215
0.026027
0.025841
0.025657
0.025476
0.025297
0.025120
0.024945
0.024772
0.024602
0.024433
0.024266
0.024101
0.023938
0.023777
0.023618
0.023461
0.023305
0.023152
0.023000
0.022849
0.022701
0.022554
0.022409
0.022265
0.022123
0.021983
0.021844
0.021707
0.021571
0.021437
0.021304
0.021172
0.021042
0.020914
0.020786
0.020661
0.020536
0.020413
0.020291
0.020170
0.020051
0.019933
0.019816
0.019700
0.019586
0.019473
0.019361
0.019250
0.019140
0.019031
0.018924
0.018817
0.018712
0.018607
0.018504
0.018402
0.018300
0.018200
0.018101
0.018002
0.017905
0.017808
0.017713
0.017618
0.017525
0.017432
0.017340
0.017249
0.017159
0.017069
0.016981
0.016893
0.016806
0.016720
0.016635
0.016551
0.016467
0.016384
0.016302
0.016220
0.016140
0.016060
0.015981
0.015902
0.015824
0.015747
0.015671
0.015595
0.015520
0.015445
0.015372
0.015299
0.015226
0.015154
0.015083
0.015012
0.014942
0.014873
0.014804
0.014736
0.014668
0.014601
0.014534
0.014468
0.014403
0.014338
0.014274
0.014210
0.014146
0.014084
0.014021
0.013960
0.013898
0.013838
0.013777
0.013717
0.013658
0.013599
0.013541
0.013483
0.013426
0.013369
0.013312
0.013256
0.013200
0.013145
0.013090
0.013036
0.012982
0.012928
0.012875
0.012822
0.012770
0.012718
0.012666
0.012615
0.012564
0.012514
0.012464
0.012414
0.012365
0.012316
0.012267
0.012219
0.012171
0.012124
0.012076
0.012030
0.011983
0.011937
0.011891
0.011846
0.011800
0.011756
0.011711
0.011667
0.011623
0.011579
0.011536
0.011493
0.011450
0.011408
0.011366
0.011324
0.011282
0.011241
0.011200
0.011159
0.011119
0.011079
0.011039
0.010999
0.010960
0.010921
0.010882
0.010843
0.010805
0.010767
0.010729
0.010692
0.010654
0.010617
0.010581
0.010544
0.010508
0.010471
0.010436
0.010400
0.010365
0.010329
0.010294
0.010260
0.010225
0.010191
0.010157
0.010123
0.010089
0.010056
0.010022
0.009989
0.009957
0.009924
0.009891
0.009859
0.009827
0.009795
0.009764
0.009732
0.009701
0.009670
0.009639
0.009608
0.009578
0.009547
0.009517
0.009487
0.009457
0.009428
0.009398
0.009369
0.009340
0.009311
0.009282
0.009254
0.009225
0.009197
0.009169
0.009141
0.009113
0.009086
0.009058
0.009031
0.009004
0.008977
0.008950
0.008923
0.008896
0.008870
0.008844
0.008818
0.008792
0.008766
0.008740
0.008715
0.008689
0.008664
0.008639
0.008614
0.008589
0.008565
0.008540
0.008516
0.008491
0.008467
0.008443
0.008419
0.008395
0.008372
0.008348
0.008325
0.008301
0.008278
0.008255
0.008232
0.008210
0.008187
0.008164
0.008142
0.008120
0.008097
0.008075
0.008053
0.008031
0.008010
0.007988
0.007966
0.007945
0.007924
0.007903
0.007881
0.007860
0.007840
0.007819
0.007798
0.007778
0.007757
0.007737
0.007716
0.007696
0.007676
0.007656
0.007636
0.007617
0.007597
0.007577
0.007558
0.007538
0.007519
0.007500
0.007481
0.007462
0.007443
0.007424
0.007405
0.007387
0.007368
0.007350
0.007331
0.007313
0.007295
0.007277
0.007259
0.007241
0.007223
0.007205
0.007187
0.007170
0.007152
0.007135
0.007117
0.007100
0.007083
0.007066
0.007049
0.007032
0.007015
0.006998
0.006981
0.006965
0.006948
0.006931
0.006915
0.006899
0.006882
0.006866
0.006850
0.006834
0.006818
0.006802
0.006786
0.006770
0.006755
0.006739
0.006723
0.006708
0.006692
0.006677
0.006662
0.006646
0.006631
0.006616
0.006601
0.006586
0.006571
0.006556
0.006541
0.006527
0.006512
0.006497
0.006483
0.006468
0.006454
0.006440
0.006425
0.006411
0.006397
0.006383
0.006369
0.006355
0.006341
0.006327
0.006313
0.006299
0.006286
0.006272
0.006258
0.006245
0.006231
0.006218
0.006205
0.006191
0.006178
0.006165
0.006152
0.006139
0.006126
0.006113
0.006100
0.006087
0.006074
0.006061
0.006048
0.006036
0.006023
0.006010
0.005998
0.005985
0.005973
0.005961
0.005948
0.005936
0.005924
0.005912
0.005899
0.005887
0.005875
0.005863
0.005851
0.005839
0.005828
0.005816
0.005804
0.005792
0.005781
0.005769
0.005757
0.005746
0.005734
0.005723
0.005711
0.005700
0.005689
0.005677
0.005666
0.005655
0.005644
0.005633
0.005622
0.005611
0.005600
0.005589
0.005578
0.005567
0.005556
0.005545
0.005534
0.005524
0.005513
0.005502
0.005492
0.005481
0.005471
0.005460
0.005450
0.005440
0.005429
0.005419
0.005409
0.005398
0.005388
0.005378
0.005368
0.005358
0.005348
0.005338
0.005328
0.005318
0.005308
0.005298
0.005288
0.005278
0.005268
0.005259
0.005249
0.005239
0.005230
0.005220
0.005210
0.005201
0.005191
0.005182
0.005172
0.005163
0.005154
0.005144
0.005135
0.005126
0.005117
0.005107
0.005098
0.005089
0.005080
0.005071
0.005062
0.005053
0.005044
0.005035
0.005026
0.005017
0.005008
0.004999
0.004990
0.004982
0.004973
0.004964
0.004955
0.004947
0.004938
0.004929
0.004921
0.004912
0.004904
0.004895
0.004887
0.004878
0.004870
0.004862
0.004853
0.004845
0.004837
0.004828
0.004820
0.004812
0.004804
0.004796
0.004787
0.004779
0.004771
0.004763
0.004755
0.004747
0.004739
0.004731
0.004723
0.004715
0.004707
0.004700
0.004692
0.004684
0.004676
0.004668
0.004661
0.004653
0.004645
0.004638
0.004630
0.004622
0.004615
0.004607
0.004600
0.004592
0.004585
0.004577
0.004570
0.004562
0.004555
0.004548
0.004540
0.004533
0.004526
0.004518
0.004511
0.004504
0.004497
0.004489
0.004482
0.004475
0.004468
0.004461
0.004454
0.004447
0.004440
0.004433
0.004426
0.004419
0.004412
0.004405
0.004398
0.004391
0.004384
0.004377
0.004370
0.004364
0.004357
0.004350
0.004343
0.004337
0.004330
0.004323
0.004316
0.004310
0.004303
0.004297
0.004290
0.004283
0.004277
0.004270
0.004264
0.004257
0.004251
0.004244
0.004238
0.004231
0.004225
0.004219
0.004212
0.004206
0.004200
0.004193
0.004187
0.004181
0.004174
0.004168
0.004162
0.004156
0.004150
0.004143
0.004137
0.004131
0.004125
0.004119
0.004113
0.004107
0.004101
0.004095
0.004089
0.004083
0.004077
0.004071
0.004065
0.004059
0.004053
0.004047
0.004041
0.004035
0.004030
0.004024
0.004018
0.004012
0.004006
0.004001
0.003995
0.003989
0.003983
0.003978
0.003972
0.003966
0.003961
0.003955
0.003949
0.003944
0.003938
0.003933
0.003927
0.003921
0.003916
0.003910
0.003905
0.003899
0.003894
0.003888
0.003883
0.003878
0.003872
0.003867
0.003861
0.003856
0.003851
0.003845
0.003840
0.003835
0.003829
0.003824
0.003819
0.003814
0.003808
0.003803
0.003798
0.003793
0.003787
0.003782
0.003777
0.003772
0.003767
0.003762
0.003757
0.003752
0.003746
0.003741
0.003736
0.003731
0.003726
0.003721
0.003716
0.003711
0.003706
0.003701
0.003696
0.003691
0.003686
0.003682
0.003677
0.003672
0.003667
0.003662
0.003657
0.003652
0.003647
0.003643
0.003638
0.003633
0.003628
0.003624
0.003619
0.003614
0.003609
0.003605
0.003600
0.003595
0.003591
0.003586
0.003581
0.003577
0.003572
0.003567
0.003563
0.003558
0.003553
0.003549
0.003544
0.003540
0.003535
0.003531
0.003526
0.003522
0.003517
0.003513
0.003508
0.003504
0.003499
0.003495
0.003490
0.003486
0.003482
0.003477
0.003473
0.003468
0.003464
0.003460
0.003455
0.003451
0.003447
0.003442
0.003438
0.003434
0.003429
0.003425
0.003421
0.003417
0.003412
0.003408
0.003404
0.003400
0.003395
0.003391
0.003387
0.003383
0.003379
0.003375
0.003370
0.003366
0.003362
0.003358
0.003354
0.003350
0.003346
0.003342
0.003338
0.003334
0.003330
0.003325
0.003321
0.003317
0.003313
0.003309
0.003305
0.003301
0.003297
0.003293
0.003290
0.003286
0.003282
0.003278
0.003274
0.003270
0.003266
0.003262
0.003258
0.003254
0.003250
0.003247
0.003243
0.003239
0.003235
0.003231
0.003227
0.003224
0.003220
0.003216
0.003212
0.003209
0.003205
0.003201
0.003197
0.003194
0.003190
0.003186
0.003182
0.003179
0.003175
0.003171
0.003168
0.003164
0.003160
0.003157
0.003153
0.003149
0.003146
0.003142
0.003138
0.003135
0.003131
0.003128
0.003124
0.003120
0.003117
0.003113
0.003110
0.003106
0.003103
0.003099
0.003096
0.003092
0.003089
0.003085
0.003082
0.003078
0.003075
0.003071
0.003068
0.003064
0.003061
0.003057
0.003054
0.003051
0.003047
0.003044
0.003040
0.003037
0.003034
0.003030
0.003027
0.003024
0.003020
0.003017
0.003013
0.003010
0.003007
0.003004
0.003000
0.002997
0.002994
0.002990
0.002987
0.002984
0.002980
0.002977
0.002974
0.002971
0.002967
0.002964
0.002961
0.002958
0.002955
0.002951
0.002948
0.002945
0.002942
0.002939
0.002935
0.002932
0.002929
0.002926
0.002923
0.002920
0.002916
0.002913
0.002910
0.002907
0.002904
0.002901
0.002898
0.002895
0.002892
0.002889
0.002885
0.002882
0.002879
0.002876
0.002873
0.002870
0.002867
0.002864
0.002861
0.002858
0.002855
0.002852
0.002849
0.002846
0.002843
0.002840
0.002837
0.002834
0.002831
0.002828
0.002825
0.002822
0.002819
0.002816
0.002814
0.002811
0.002808
0.002805
0.002802
0.002799
0.002796
0.002793
0.002790
0.002787
0.002785
0.002782
0.002779
0.002776
0.002773
0.002770
0.002767
0.002765
0.002762
0.002759
0.002756
0.002753
0.002751
0.002748
0.002745
0.002742
0.002739
0.002737
0.002734
0.002731
0.002728
0.002726
0.002723
0.002720
0.002717
0.002715
0.002712
0.002709
0.002706
0.002704
0.002701
0.002698
0.002696
0.002693
0.002690
0.002688
0.002685
0.002682
0.002680
0.002677
0.002674
0.002672
0.002669
0.002666
0.002664
0.002661
0.002658
0.002656
0.002653
0.002651
0.002648
0.002645
0.002643
0.002640
0.002638
0.002635
0.002633
0.002630
0.002627
0.002625
0.002622
0.002620
0.002617
0.002615
0.002612
0.002610
0.002607
0.002605
0.002602
0.002600
0.002597
0.002594
0.002592
0.002590
0.002587
0.002585
0.002582
0.002580
0.002577
0.002575
0.002572
0.002570
0.002567
0.002565
0.002562
0.002560
0.002558
0.002555
0.002553
0.002550
0.002548
0.002545
0.002543
0.002541
0.002538
0.002536
0.002533
0.002531
0.002529
0.002526
0.002524
0.002522
0.002519
0.002517
0.002514
0.002512
0.002510
0.002507
0.002505
0.002503
0.002500
0.002498
0.002496
0.002493
0.002491
0.002489
0.002486
0.002484
0.002482
0.002480
0.002477
0.002475
0.002473
0.002470
0.002468
0.002466
0.002464
0.002461
0.002459
0.002457
0.002455
0.002452
0.002450
0.002448
0.002446
0.002443
0.002441
0.002439
0.002437
0.002435
0.002432
0.002430
0.002428
0.002426
0.002424
0.002421
0.002419
0.002417
0.002415
0.002413
0.002410
0.002408
0.002406
0.002404
0.002402
0.002400
0.002398
0.002395
0.002393
0.002391
0.002389
0.002387
0.002385
0.002383
0.002380
0.002378
0.002376
0.002374
0.002372
0.002370
0.002368
0.002366
0.002364
0.002362
0.002359
0.002357
0.002355
0.002353
0.002351
0.002349
0.002347
0.002345
0.002343
0.002341
0.002339
0.002337
0.002335
0.002333
0.002331
0.002329
0.002327
0.002325
0.002323
0.002321
0.002319
0.002317
0.002315
0.002313
0.002311
0.002309
0.002307
0.002305
0.002303
0.002301
0.002299
0.002297
0.002295
0.002293
0.002291
0.002289
0.002287
0.002285
0.002283
0.002281
0.002279
0.002277
0.002275
0.002273
0.002271
0.002269
0.002267
0.002265
0.002264
0.002262
0.002260
0.002258
0.002256
0.002254
0.002252
0.002250
0.002248
0.002246
0.002244
0.002243
0.002241
0.002239
0.002237
0.002235
0.002233
0.002231
0.002229
0.002228
0.002226
0.002224
0.002222
0.002220
0.002218
0.002216
0.002215
0.002213
0.002211
0.002209
0.002207
0.002205
0.002204
0.002202
0.002200
0.002198
0.002196
0.002195
0.002193
0.002191
0.002189
0.002187
0.002186
0.002184
0.002182
0.002180
0.002178
0.002177
0.002175
0.002173
0.002171
0.002169
0.002168
0.002166
0.002164
0.002162
0.002161
0.002159
0.002157
0.002155
0.002154
0.002152
0.002150
0.002148
0.002147
0.002145
0.002143
0.002142
0.002140
0.002138
0.002136
0.002135
0.002133
0.002131
0.002129
0.002128
0.002126
0.002124
0.002123
0.002121
0.002119
0.002118
0.002116
0.002114
0.002113
0.002111
0.002109
0.002108
0.002106
0.002104
0.002103
0.002101
0.002099
0.002098
0.002096
0.002094
0.002093
0.002091
0.002089
0.002088
0.002086
0.002084
0.002083
0.002081
0.002079
0.002078
0.002076
0.002075
0.002073
0.002071
0.002070
0.002068
0.002066
0.002065
0.002063
0.002062
0.002060
0.002058
0.002057
0.002055
0.002054
0.002052
0.002051
0.002049
0.002047
0.002046
0.002044
0.002043
0.002041
0.002039
0.002038
0.002036
0.002035
0.002033
0.002032
0.002030
0.002029
0.002027
0.002025
0.002024
0.002022
0.002021
0.002019
0.002018
0.002016
0.002015
0.002013
0.002012
0.002010
0.002009
0.002007
0.002005
0.002004
0.002002
0.002001
0.001999
0.001998
0.001996
0.001995
0.001993
0.001992
0.001990
0.001989
0.001987
0.001986
0.001984
0.001983
0.001981
0.001980
0.001978
0.001977
0.001976
0.001974
0.001973
0.001971
0.001970
0.001968
0.001967
0.001965
0.001964
0.001962
0.001961
0.001959
0.001958
0.001957
0.001955
0.001954
0.001952
0.001951
0.001949
0.001948
0.001946
0.001945
0.001944
0.001942
0.001941
0.001939
0.001938
0.001936
0.001935
0.001934
0.001932
0.001931
0.001929
0.001928
0.001927
0.001925
0.001924
0.001922
0.001921
0.001920
0.001918
0.001917
0.001915
0.001914
0.001913
0.001911
0.001910
0.001908
0.001907
0.001906
0.001904
0.001903
0.001902
0.001900
0.001899
0.001897
0.001896
0.001895
0.001893
0.001892
0.001891
0.001889
0.001888
0.001887
0.001885
0.001884
0.001883
0.001881
0.001880
0.001879
0.001877
0.001876
0.001874
0.001873
0.001872
0.001871
0.001869
0.001868
0.001867
0.001865
0.001864
0.001863
0.001861
0.001860
0.001859
0.001857
0.001856
0.001855
0.001853
0.001852
0.001851
0.001849
0.001848
0.001847
0.001846
0.001844
0.001843
0.001842
0.001840
0.001839
0.001838
0.001837
0.001835
0.001834
0.001833
0.001831
0.001830
0.001829
0.001828
0.001826
0.001825
0.001824
0.001823
0.001821
0.001820
0.001819
0.001818
0.001816
0.001815
0.001814
0.001813
0.001811
0.001810
0.001809
0.001808
0.001806
0.001805
0.001804
0.001803
0.001801
0.001800
0.001799
0.001798
0.001796
0.001795
0.001794
0.001793
0.001792
0.001790
0.001789
0.001788
0.001787
0.001785
0.001784
0.001783
0.001782
0.001781
0.001779
0.001778
0.001777
0.001776
0.001775
0.001773
0.001772
0.001771
0.001770
0.001769
0.001767
0.001766
0.001765
0.001764
0.001763
0.001762
0.001760
0.001759
0.001758
0.001757
0.001756
0.001754
0.001753
0.001752
0.001751
0.001750
0.001749
0.001747
0.001746
0.001745
0.001744
0.001743
0.001742
0.001740
0.001739
0.001738
0.001737
0.001736
0.001735
0.001734
0.001732
0.001731
0.001730
0.001729
0.001728
0.001727
0.001726
0.001724
0.001723
0.001722
0.001721
0.001720
0.001719
0.001718
0.001717
0.001715
0.001714
0.001713
0.001712
0.001711
0.001710
0.001709
0.001708
0.001706
0.001705
0.001704
0.001703
0.001702
0.001701
0.001700
0.001699
0.001698
0.001697
0.001695
0.001694
0.001693
0.001692
0.001691
0.001690
0.001689
0.001688
0.001687
0.001686
0.001685
0.001683
0.001682
0.001681
0.001680
0.001679
0.001678
0.001677
0.001676
0.001675
0.001674
0.001673
0.001672
0.001671
0.001669
0.001668
0.001667
0.001666
0.001665
0.001664
0.001663
0.001662
0.001661
0.001660
0.001659
0.001658
0.001657
0.001656
0.001655
0.001654
0.001653
0.001652
0.001651
0.001649
0.001648
0.001647
0.001646
0.001645
0.001644
0.001643
0.001642
0.001641
0.001640
0.001639
0.001638
0.001637
0.001636
0.001635
0.001634
0.001633
0.001632
0.001631
0.001630
0.001629
0.001628
0.001627
0.001626
0.001625
0.001624
0.001623
0.001622
0.001621
0.001620
0.001619
0.001618
0.001617
0.001616
0.001615
0.001614
0.001613
0.001612
0.001611
0.001610
0.001609
0.001608
0.001607
0.001606
0.001605
0.001604
0.001603
0.001602
0.001601
0.001600
0.001599
0.001598
0.001597
0.001596
0.001595
0.001594
0.001593
0.001592
0.001591
0.001590
0.001589
0.001588
0.001587
0.001586
0.001585
0.001584
0.001583
0.001583
0.001582
0.001581
0.001580
0.001579
0.001578
0.001577
0.001576
0.001575
0.001574
0.001573
0.001572
0.001571
0.001570
0.001569
0.001568
0.001567
0.001566
0.001565
0.001564
0.001564
0.001563
0.001562
0.001561
0.001560
0.001559
0.001558
0.001557
0.001556
0.001555
0.001554
0.001553
0.001552
0.001551
0.001551
0.001550
0.001549
0.001548
0.001547
0.001546
0.001545
0.001544
0.001543
0.001542
0.001541
0.001540
0.001540
0.001539
0.001538
0.001537
0.001536
0.001535
0.001534
0.001533
0.001532
0.001531
0.001530
0.001530
0.001529
0.001528
0.001527
0.001526
0.001525
0.001524
0.001523
0.001522
0.001522
0.001521
0.001520
0.001519
0.001518
0.001517
0.001516
0.001515
0.001514
0.001514
0.001513
0.001512
0.001511
0.001510
0.001509
0.001508
0.001507
0.001507
0.001506
0.001505
0.001504
0.001503
0.001502
0.001501
0.001500
0.001500
0.001499
0.001498
0.001497
0.001496
0.001495
0.001494
0.001494
0.001493
0.001492
0.001491
0.001490
0.001489
0.001488
0.001488
0.001487
0.001486
0.001485
0.001484
0.001483
0.001482
0.001482
0.001481
0.001480
0.001479
0.001478
0.001477
0.001477
0.001476
0.001475
0.001474
0.001473
0.001472
0.001472
0.001471
0.001470
0.001469
0.001468
0.001467
0.001467
0.001466
0.001465
0.001464
0.001463
0.001462
0.001462
0.001461
0.001460
0.001459
0.001458
0.001458
0.001457
0.001456
0.001455
0.001454
0.001453
0.001453
0.001452
0.001451
0.001450
0.001449
0.001449
0.001448
0.001447
0.001446
0.001445
0.001445
0.001444
0.001443
0.001442
0.001441
0.001441
0.001440
0.001439
0.001438
0.001437
0.001437
0.001436
0.001435
0.001434
0.001433
0.001433
0.001432
0.001431
0.001430
0.001429
0.001429
0.001428
0.001427
0.001426
0.001425
0.001425
0.001424
0.001423
0.001422
0.001422
0.001421
0.001420
0.001419
0.001418
0.001418
0.001417
0.001416
0.001415
0.001415
0.001414
0.001413
0.001412
0.001412
0.001411
0.001410
0.001409
0.001408
0.001408
0.001407
0.001406
0.001405
0.001405
0.001404
0.001403
0.001402
0.001402
0.001401
0.001400
0.001399
0.001399
0.001398
0.001397
0.001396
0.001396
0.001395
0.001394
0.001393
0.001393
0.001392
0.001391
0.001390
0.001390
0.001389
0.001388
0.001387
0.001387
0.001386
0.001385
0.001384
0.001384
0.001383
0.001382
0.001381
0.001381
0.001380
0.001379
0.001378
0.001378
0.001377
0.001376
0.001376
0.001375
0.001374
0.001373
0.001373
0.001372
0.001371
0.001370
0.001370
0.001369
0.001368
0.001368
0.001367
0.001366
0.001365
0.001365
0.001364
0.001363
0.001362
0.001362
0.001361
0.001360
0.001360
0.001359
0.001358
0.001357
0.001357
0.001356
0.001355
0.001355
0.001354
0.001353
0.001353
0.001352
0.001351
0.001350
0.001350
0.001349
0.001348
0.001348
0.001347
0.001346
0.001345
0.001345
0.001344
0.001343
0.001343
0.001342
0.001341
0.001341
0.001340
0.001339
0.001339
0.001338
0.001337
0.001336
0.001336
0.001335
0.001334
0.001334
0.001333
0.001332
0.001332
0.001331
0.001330
0.001330
0.001329
0.001328
0.001327
0.001327
0.001326
0.001325
0.001325
0.001324
0.001323
0.001323
0.001322
0.001321
0.001321
0.001320
0.001319
0.001319
0.001318
0.001317
0.001317
0.001316
0.001315
0.001315
0.001314
0.001313
0.001313
0.001312
0.001311
0.001311
0.001310
0.001309
0.001309
0.001308
0.001307
0.001307
0.001306
0.001305
0.001305
0.001304
0.001303
0.001303
0.001302
0.001301
0.001301
0.001300
0.001299
0.001299
0.001298
0.001297
0.001297
0.001296
0.001296
0.001295
0.001294
0.001294
0.001293
0.001292
0.001292
0.001291
0.001290
0.001290
0.001289
0.001288
0.001288
0.001287
0.001286
0.001286
0.001285
0.001285
0.001284
0.001283
0.001283
0.001282
0.001281
0.001281
0.001280
0.001279
0.001279
0.001278
0.001278
0.001277
0.001276
0.001276
0.001275
0.001274
0.001274
0.001273
0.001272
0.001272
0.001271
0.001271
0.001270
0.001269
0.001269
0.001268
0.001267
0.001267
0.001266
0.001266
0.001265
0.001264
0.001264
0.001263
0.001263
0.001262
0.001261
0.001261
0.001260
0.001259
0.001259
0.001258
0.001258
0.001257
0.001256
0.001256
0.001255
0.001255
0.001254
0.001253
0.001253
0.001252
0.001251
0.001251
0.001250
0.001250
0.001249
0.001248
0.001248
0.001247
0.001247
0.001246
0.001245
0.001245
0.001244
0.001244
0.001243
0.001242
0.001242
0.001241
0.001241
0.001240
0.001239
0.001239
0.001238
0.001238
0.001237
0.001236
0.001236
0.001235
0.001235
0.001234
0.001233
0.001233
0.001232
0.001232
0.001231
0.001231
0.001230
0.001229
0.001229
0.001228
0.001228
0.001227
0.001226
0.001226
0.001225
0.001225
0.001224
0.001223
0.001223
0.001222
0.001222
0.001221
0.001221
0.001220
0.001219
0.001219
0.001218
0.001218
0.001217
0.001217
0.001216
0.001215
0.001215
0.001214
0.001214
0.001213
0.001213
0.001212
0.001211
0.001211
0.001210
0.001210
0.001209
0.001209
0.001208
0.001207
0.001207
0.001206
0.001206
0.001205
0.001205
0.001204
0.001203
0.001203
0.001202
0.001202
0.001201
0.001201
0.001200
0.001200
0.001199
0.001198
0.001198
0.001197
0.001197
0.001196
0.001196
0.001195
0.001194
0.001194
0.001193
0.001193
0.001192
0.001192
0.001191
0.001191
0.001190
0.001190
0.001189
0.001188
0.001188
0.001187
0.001187
0.001186
0.001186
0.001185
0.001185
0.001184
0.001183
0.001183
0.001182
0.001182
0.001181
0.001181
0.001180
0.001180
0.001179
0.001179
0.001178
0.001177
0.001177
0.001176
0.001176
0.001175
0.001175
0.001174
0.001174
0.001173
0.001173
0.001172
0.001172
0.001171
0.001171
0.001170
0.001169
0.001169
0.001168
0.001168
0.001167
0.001167
0.001166
0.001166
0.001165
0.001165
0.001164
0.001164
0.001163
0.001163
0.001162
0.001162
0.001161
0.001160
0.001160
0.001159
0.001159
0.001158
0.001158
0.001157
0.001157
0.001156
0.001156
0.001155
0.001155
0.001154
0.001154
0.001153
0.001153
0.001152
0.001152
0.001151
0.001151
0.001150
0.001150
0.001149
0.001148
0.001148
0.001147
0.001147
0.001146
0.001146
0.001145
0.001145
0.001144
0.001144
0.001143
0.001143
0.001142
0.001142
0.001141
0.001141
0.001140
0.001140
0.001139
0.001139
0.001138
0.001138
0.001137
0.001137
0.001136
0.001136
0.001135
0.001135
0.001134
0.001134
0.001133
0.001133
0.001132
0.001132
0.001131
0.001131
0.001130
0.001130
0.001129
0.001129
0.001128
0.001128
0.001127
0.001127
0.001126
0.001126
0.001125
0.001125
0.001124
0.001124
0.001123
0.001123
0.001122
0.001122
0.001121
0.001121
0.001120
0.001120
0.001119
0.001119
0.001118
0.001118
0.001117
0.001117
0.001116
0.001116
0.001115
0.001115
0.001115
0.001114
0.001114
0.001113
0.001113
0.001112
0.001112
0.001111
0.001111
0.001110
0.001110
0.001109
0.001109
0.001108
0.001108
0.001107
0.001107
0.001106
0.001106
0.001105
0.001105
0.001104
0.001104
0.001103
0.001103
0.001102
0.001102
0.001102
0.001101
0.001101
0.001100
0.001100
0.001099
0.001099
0.001098
0.001098
0.001097
0.001097
0.001096
0.001096
0.001095
0.001095
0.001094
0.001094
0.001094
0.001093
0.001093
0.001092
0.001092
0.001091
0.001091
0.001090
0.001090
0.001089
0.001089
0.001088
0.001088
0.001087
0.001087
0.001087
0.001086
0.001086
0.001085
0.001085
0.001084
0.001084
0.001083
0.001083
0.001082
0.001082
0.001081
0.001081
0.001081
0.001080
0.001080
0.001079
0.001079
0.001078
0.001078
0.001077
0.001077
0.001076
0.001076
0.001076
0.001075
0.001075
0.001074
0.001074
0.001073
0.001073
0.001072
0.001072
0.001072
0.001071
0.001071
0.001070
0.001070
0.001069
0.001069
0.001068
0.001068
0.001067
0.001067
0.001067
0.001066
0.001066
0.001065
0.001065
0.001064
0.001064
0.001063
0.001063
0.001063
0.001062
0.001062
0.001061
0.001061
0.001060
0.001060
0.001060
0.001059
0.001059
0.001058
0.001058
0.001057
0.001057
0.001056
0.001056
0.001056
0.001055
0.001055
0.001054
0.001054
0.001053
0.001053
0.001053
0.001052
0.001052
0.001051
0.001051
0.001050
0.001050
0.001049
0.001049
0.001049
0.001048
0.001048
0.001047
0.001047
0.001046
0.001046
0.001046
0.001045
0.001045
0.001044
0.001044
0.001043
0.001043
0.001043
0.001042
0.001042
0.001041
0.001041
0.001040
0.001040
0.001040
0.001039
0.001039
0.001038
0.001038
0.001038
0.001037
0.001037
0.001036
0.001036
0.001035
0.001035
0.001035
0.001034
0.001034
0.001033
0.001033
0.001032
0.001032
0.001032
0.001031
0.001031
0.001030
0.001030
0.001030
0.001029
0.001029
0.001028
0.001028
0.001027
0.001027
0.001027
0.001026
0.001026
0.001025
0.001025
0.001025
0.001024
0.001024
0.001023
0.001023
0.001023
0.001022
0.001022
0.001021
0.001021
0.001020
0.001020
0.001020
0.001019
0.001019
0.001018
0.001018
0.001018
0.001017
0.001017
0.001016
0.001016
0.001016
0.001015
0.001015
0.001014
0.001014
0.001014
0.001013
0.001013
0.001012
0.001012
0.001012
0.001011
0.001011
0.001010
0.001010
0.001010
0.001009
0.001009
0.001008
0.001008
0.001008
0.001007
0.001007
0.001006
0.001006
0.001006
0.001005
0.001005
0.001004
0.001004
0.001004
0.001003
0.001003
0.001002
0.001002
0.001002
0.001001
0.001001
0.001000
0.001000
0.001000
0.000999
0.000999
0.000998
0.000998
0.000998
0.000997
0.000997
0.000997
0.000996
0.000996
0.000995
0.000995
0.000995
0.000994
0.000994
0.000993
0.000993
0.000993
0.000992
0.000992
0.000991
0.000991
0.000991
0.000990
0.000990
0.000990
0.000989
0.000989
0.000988
0.000988
0.000988
0.000987
0.000987
0.000986
0.000986
0.000986
0.000985
0.000985
0.000985
0.000984
0.000984
0.000983
0.000983
0.000983
0.000982
0.000982
0.000982
0.000981
0.000981
0.000980
0.000980
0.000980
0.000979
0.000979
0.000979
0.000978
0.000978
0.000977
0.000977
0.000977
0.000976
0.000976
0.000976
0.000975
0.000975
0.000974
0.000974
0.000974
0.000973
0.000973
0.000973
0.000972
0.000972
0.000971
0.000971
0.000971
0.000970
0.000970
0.000970
0.000969
0.000969
0.000968
0.000968
0.000968
0.000967
0.000967
0.000967
0.000966
0.000966
0.000965
0.000965
0.000965
0.000964
0.000964
0.000964
0.000963
0.000963
0.000963
0.000962
0.000962
0.000961
0.000961
0.000961
0.000960
0.000960
0.000960
0.000959
0.000959
0.000959
0.000958
0.000958
0.000957
0.000957
0.000957
0.000956
0.000956
0.000956
0.000955
0.000955
0.000955
0.000954
0.000954
0.000954
0.000953
0.000953
0.000952
0.000952
0.000952
0.000951
0.000951
0.000951
0.000950
0.000950
0.000950
0.000949
0.000949
0.000949
0.000948
0.000948
0.000947
0.000947
0.000947
0.000946
0.000946
0.000946
0.000945
0.000945
0.000945
0.000944
0.000944
0.000944
0.000943
0.000943
0.000943
0.000942
0.000942
0.000942
0.000941
0.000941
0.000940
0.000940
0.000940
0.000939
0.000939
0.000939
0.000938
0.000938
0.000938
0.000937
0.000937
0.000937
0.000936
0.000936
0.000936
0.000935
0.000935
0.000935
0.000934
0.000934
0.000934
0.000933
0.000933
0.000933
0.000932
0.000932
0.000931
0.000931
0.000931
0.000930
0.000930
0.000930
0.000929
0.000929
0.000929
0.000928
0.000928
0.000928
0.000927
0.000927
0.000927
0.000926
0.000926
0.000926
0.000925
0.000925
0.000925
0.000924
0.000924
0.000924
0.000923
0.000923
0.000923
0.000922
0.000922
0.000922
0.000921
0.000921
0.000921
0.000920
0.000920
0.000920
0.000919
0.000919
0.000919
0.000918
0.000918
0.000918
0.000917
0.000917
0.000917
0.000916
0.000916
0.000916
0.000915
0.000915
0.000915
0.000914
0.000914
0.000914
0.000913
0.000913
0.000913
0.000912
0.000912
0.000912
0.000911
0.000911
0.000911
0.000910
0.000910
0.000910
0.000909
0.000909
0.000909
0.000908
0.000908
0.000908
0.000907
0.000907
0.000907
0.000906
0.000906
0.000906
0.000906
0.000905
0.000905
0.000905
0.000904
0.000904
0.000904
0.000903
0.000903
0.000903
0.000902
0.000902
0.000902
0.000901
0.000901
0.000901
0.000900
0.000900
0.000900
0.000899
0.000899
0.000899
0.000898
0.000898
0.000898
0.000897
0.000897
0.000897
0.000897
0.000896
0.000896
0.000896
0.000895
0.000895
0.000895
0.000894
0.000894
0.000894
0.000893
0.000893
0.000893
0.000892
0.000892
0.000892
0.000891
0.000891
0.000891
0.000891
0.000890
0.000890
0.000890
0.000889
0.000889
0.000889
0.000888
0.000888
0.000888
0.000887
0.000887
0.000887
0.000886
0.000886
0.000886
0.000886
0.000885
0.000885
0.000885
0.000884
0.000884
0.000884
0.000883
0.000883
0.000883
0.000882
0.000882
0.000882
0.000882
0.000881
0.000881
0.000881
0.000880
0.000880
0.000880
0.000879
0.000879
0.000879
0.000878
0.000878
0.000878
0.000878
0.000877
0.000877
0.000877
0.000876
0.000876
0.000876
0.000875
0.000875
0.000875
0.000875
0.000874
0.000874
0.000874
0.000873
0.000873
0.000873
0.000872
0.000872
0.000872
0.000872
0.000871
0.000871
0.000871
0.000870
0.000870
0.000870
0.000869
0.000869
0.000869
0.000869
0.000868
0.000868
0.000868
0.000867
0.000867
0.000867
0.000866
0.000866
0.000866
0.000866
0.000865
0.000865
0.000865
0.000864
0.000864
0.000864
0.000863
0.000863
0.000863
0.000863
0.000862
0.000862
0.000862
0.000861
0.000861
0.000861
0.000861
0.000860
0.000860
0.000860
0.000859
0.000859
0.000859
0.000858
0.000858
0.000858
0.000858
0.000857
0.000857
0.000857
0.000856
0.000856
0.000856
0.000856
0.000855
0.000855
0.000855
0.000854
0.000854
0.000854
0.000854
0.000853
0.000853
0.000853
0.000852
0.000852
0.000852
0.000852
0.000851
0.000851
0.000851
0.000850
0.000850
0.000850
0.000850
0.000849
0.000849
0.000849
0.000848
0.000848
0.000848
0.000848
0.000847
0.000847
0.000847
0.000846
0.000846
0.000846
0.000846
0.000845
0.000845
0.000845
0.000844
0.000844
0.000844
0.000844
0.000843
0.000843
0.000843
0.000842
0.000842
0.000842
0.000842
0.000841
0.000841
0.000841
0.000840
0.000840
0.000840
0.000840
0.000839
0.000839
0.000839
0.000839
0.000838
0.000838
0.000838
0.000837
0.000837
0.000837
0.000837
0.000836
0.000836
0.000836
0.000835
0.000835
0.000835
0.000835
0.000834
0.000834
0.000834
0.000834
0.000833
0.000833
0.000833
0.000832
0.000832
0.000832
0.000832
0.000831
0.000831
0.000831
0.000831
0.000830
0.000830
0.000830
0.000829
0.000829
0.000829
0.000829
0.000828
0.000828
0.000828
0.000828
0.000827
0.000827
0.000827
0.000826
0.000826
0.000826
0.000826
0.000825
0.000825
0.000825
0.000825
0.000824
0.000824
0.000824
0.000823
0.000823
0.000823
0.000823
0.000822
0.000822
0.000822
0.000822
0.000821
0.000821
0.000821
0.000821
0.000820
0.000820
0.000820
0.000819
0.000819
0.000819
0.000819
0.000818
0.000818
0.000818
0.000818
0.000817
0.000817
0.000817
0.000817
0.000816
0.000816
0.000816
0.000815
0.000815
0.000815
0.000815
0.000814
0.000814
0.000814
0.000814
0.000813
0.000813
0.000813
0.000813
0.000812
0.000812
0.000812
0.000812
0.000811
0.000811
0.000811
0.000811
0.000810
0.000810
0.000810
0.000809
0.000809
0.000809
0.000809
0.000808
0.000808
0.000808
0.000808
0.000807
0.000807
0.000807
0.000807
0.000806
0.000806
0.000806
0.000806
0.000805
0.000805
0.000805
0.000805
0.000804
0.000804
0.000804
0.000804
0.000803
0.000803
0.000803
0.000803
0.000802
0.000802
0.000802
0.000801
0.000801
0.000801
0.000801
0.000800
0.000800
0.000800
0.000800
0.000799
0.000799
0.000799
0.000799
0.000798
0.000798
0.000798
0.000798
0.000797
0.000797
0.000797
0.000797
0.000796
0.000796
0.000796
0.000796
0.000795
0.000795
0.000795
0.000795
0.000794
0.000794
0.000794
0.000794
0.000793
0.000793
0.000793
0.000793
0.000792
0.000792
0.000792
0.000792
0.000791
0.000791
0.000791
0.000791
0.000790
0.000790
0.000790
0.000790
0.000789
0.000789
0.000789
0.000789
0.000788
0.000788
0.000788
0.000788
0.000787
0.000787
0.000787
0.000787
0.000786
0.000786
0.000786
0.000786
0.000785
0.000785
0.000785
0.000785
0.000784
0.000784
0.000784
0.000784
0.000784
0.000783
0.000783
0.000783
0.000783
0.000782
0.000782
0.000782
0.000782
0.000781
0.000781
0.000781
0.000781
0.000780
0.000780
0.000780
0.000780
0.000779
0.000779
0.000779
0.000779
0.000778
0.000778
0.000778
0.000778
0.000777
0.000777
0.000777
0.000777
0.000777
0.000776
0.000776
0.000776
0.000776
0.000775
0.000775
0.000775
0.000775
0.000774
0.000774
0.000774
0.000774
0.000773
0.000773
0.000773
0.000773
0.000772
0.000772
0.000772
0.000772
0.000772
0.000771
0.000771
0.000771
0.000771
0.000770
0.000770
0.000770
0.000770
0.000769
0.000769
0.000769
0.000769
0.000768
0.000768
0.000768
0.000768
0.000767
0.000767
0.000767
0.000767
0.000767
0.000766
0.000766
0.000766
0.000766
0.000765
0.000765
0.000765
0.000765
0.000764
0.000764
0.000764
0.000764
0.000764
0.000763
0.000763
0.000763
0.000763
0.000762
0.000762
0.000762
0.000762
0.000761
0.000761
0.000761
0.000761
0.000761
0.000760
0.000760
0.000760
0.000760
0.000759
0.000759
0.000759
0.000759
0.000758
0.000758
0.000758
0.000758
0.000758
0.000757
0.000757
0.000757
0.000757
0.000756
0.000756
0.000756
0.000756
0.000755
0.000755
0.000755
0.000755
0.000755
0.000754
0.000754
0.000754
0.000754
0.000753
0.000753
0.000753
0.000753
0.000753
0.000752
0.000752
0.000752
0.000752
0.000751
0.000751
0.000751
0.000751
0.000751
0.000750
0.000750
0.000750
0.000750
0.000749
0.000749
0.000749
0.000749
0.000749
0.000748
0.000748
0.000748
0.000748
0.000747
0.000747
0.000747
0.000747
0.000747
0.000746
0.000746
0.000746
0.000746
0.000745
0.000745
0.000745
0.000745
0.000745
0.000744
0.000744
0.000744
0.000744
0.000743
0.000743
0.000743
0.000743
0.000743
0.000742
0.000742
0.000742
0.000742
0.000741
0.000741
0.000741
0.000741
0.000741
0.000740
0.000740
0.000740
0.000740
0.000739
0.000739
0.000739
0.000739
0.000739
0.000738
0.000738
0.000738
0.000738
0.000738
0.000737
0.000737
0.000737
0.000737
0.000736
0.000736
0.000736
0.000736
0.000736
0.000735
0.000735
0.000735
0.000735
0.000734
0.000734
0.000734
0.000734
0.000734
0.000733
0.000733
0.000733
0.000733
0.000733
0.000732
0.000732
0.000732
0.000732
0.000731
0.000731
0.000731
0.000731
0.000731
0.000730
0.000730
0.000730
0.000730
0.000730
0.000729
0.000729
0.000729
0.000729
0.000729
0.000728
0.000728
0.000728
0.000728
0.000727
0.000727
0.000727
0.000727
0.000727
0.000726
0.000726
0.000726
0.000726
0.000726
0.000725
0.000725
0.000725
0.000725
0.000725
0.000724
0.000724
0.000724
0.000724
0.000723
0.000723
0.000723
0.000723
0.000723
0.000722
0.000722
0.000722
0.000722
0.000722
0.000721
0.000721
0.000721
0.000721
0.000721
0.000720
0.000720
0.000720
0.000720
0.000720
0.000719
0.000719
0.000719
0.000719
0.000719
0.000718
0.000718
0.000718
0.000718
0.000717
0.000717
0.000717
0.000717
0.000717
0.000716
0.000716
0.000716
0.000716
0.000716
0.000715
0.000715
0.000715
0.000715
0.000715
0.000714
0.000714
0.000714
0.000714
0.000714
0.000713
0.000713
0.000713
0.000713
0.000713
0.000712
0.000712
0.000712
0.000712
0.000712
0.000711
0.000711
0.000711
0.000711
0.000711
0.000710
0.000710
0.000710
0.000710
0.000710
0.000709
0.000709
0.000709
0.000709
0.000709
0.000708
0.000708
0.000708
0.000708
0.000708
0.000707
0.000707
0.000707
0.000707
0.000707
0.000706
0.000706
0.000706
0.000706
0.000706
0.000705
0.000705
0.000705
0.000705
0.000705
0.000704
0.000704
0.000704
0.000704
0.000704
0.000703
0.000703
0.000703
0.000703
0.000703
0.000702
0.000702
0.000702
0.000702
0.000702
0.000701
0.000701
0.000701
0.000701
0.000701
0.000700
0.000700
0.000700
0.000700
0.000700
0.000699
0.000699
0.000699
0.000699
0.000699
0.000698
0.000698
0.000698
0.000698
0.000698
0.000697
0.000697
0.000697
0.000697
0.000697
0.000697
0.000696
0.000696
0.000696
0.000696
0.000696
0.000695
0.000695
0.000695
0.000695
0.000695
0.000694
0.000694
0.000694
0.000694
0.000694
0.000693
0.000693
0.000693
0.000693
0.000693
0.000692
0.000692
0.000692
0.000692
0.000692
0.000692
0.000691
0.000691
0.000691
0.000691
0.000691
0.000690
0.000690
0.000690
0.000690
0.000690
0.000689
0.000689
0.000689
0.000689
0.000689
0.000688
0.000688
0.000688
0.000688
0.000688
0.000688
0.000687
0.000687
0.000687
0.000687
0.000687
0.000686
0.000686
0.000686
0.000686
0.000686
0.000685
0.000685
0.000685
0.000685
0.000685
0.000685
0.000684
0.000684
0.000684
0.000684
0.000684
0.000683
0.000683
0.000683
0.000683
0.000683
0.000682
0.000682
0.000682
0.000682
0.000682
0.000682
0.000681
0.000681
0.000681
0.000681
0.000681
0.000680
0.000680
0.000680
0.000680
0.000680
0.000679
0.000679
0.000679
0.000679
0.000679
0.000679
0.000678
0.000678
0.000678
0.000678
0.000678
0.000677
0.000677
0.000677
0.000677
0.000677
0.000677
0.000676
0.000676
0.000676
0.000676
0.000676
0.000675
0.000675
0.000675
0.000675
0.000675
0.000675
0.000674
0.000674
0.000674
0.000674
0.000674
0.000673
0.000673
0.000673
0.000673
0.000673
0.000673
0.000672
0.000672
0.000672
0.000672
0.000672
0.000671
0.000671
0.000671
0.000671
0.000671
0.000671
0.000670
0.000670
0.000670
0.000670
0.000670
0.000669
0.000669
0.000669
0.000669
0.000669
0.000669
0.000668
0.000668
0.000668
0.000668
0.000668
0.000668
0.000667
0.000667
0.000667
0.000667
0.000667
0.000666
0.000666
0.000666
0.000666
0.000666
0.000666
0.000665
0.000665
0.000665
0.000665
0.000665
0.000665
0.000664
0.000664
0.000664
0.000664
0.000664
0.000663
0.000663
0.000663
0.000663
0.000663
0.000663
0.000662
0.000662
0.000662
0.000662
0.000662
0.000662
0.000661
0.000661
0.000661
0.000661
0.000661
0.000660
0.000660
0.000660
0.000660
0.000660
0.000660
0.000659
0.000659
0.000659
0.000659
0.000659
0.000659
0.000658
0.000658
0.000658
0.000658
0.000658
0.000658
0.000657
0.000657
0.000657
0.000657
0.000657
0.000656
0.000656
0.000656
0.000656
0.000656
0.000656
0.000655
0.000655
0.000655
0.000655
0.000655
0.000655
0.000654
0.000654
0.000654
0.000654
0.000654
0.000654
0.000653
0.000653
0.000653
0.000653
0.000653
0.000653
0.000652
0.000652
0.000652
0.000652
0.000652
0.000651
0.000651
0.000651
0.000651
0.000651
0.000651
0.000650
0.000650
0.000650
0.000650
0.000650
0.000650
0.000649
0.000649
0.000649
0.000649
0.000649
0.000649
0.000648
0.000648
0.000648
0.000648
0.000648
0.000648
0.000647
0.000647
0.000647
0.000647
0.000647
0.000647
0.000646
0.000646
0.000646
0.000646
0.000646
0.000646
0.000645
0.000645
0.000645
0.000645
0.000645
0.000645
0.000644
0.000644
0.000644
0.000644
0.000644
0.000644
0.000643
0.000643
0.000643
0.000643
0.000643
0.000643
0.000642
0.000642
0.000642
0.000642
0.000642
0.000642
0.000641
0.000641
0.000641
0.000641
0.000641
0.000641
0.000640
0.000640
0.000640
0.000640
0.000640
0.000640
0.000639
0.000639
0.000639
0.000639
0.000639
0.000639
0.000638
0.000638
0.000638
0.000638
0.000638
0.000638
0.000638
0.000637
0.000637
0.000637
0.000637
0.000637
0.000637
0.000636
0.000636
0.000636
0.000636
0.000636
0.000636
0.000635
0.000635
0.000635
0.000635
0.000635
0.000635
0.000634
0.000634
0.000634
0.000634
0.000634
0.000634
0.000633
0.000633
0.000633
0.000633
0.000633
0.000633
0.000633
0.000632
0.000632
0.000632
0.000632
0.000632
0.000632
0.000631
0.000631
0.000631
0.000631
0.000631
0.000631
0.000630
0.000630
0.000630
0.000630
0.000630
0.000630
0.000629
0.000629
0.000629
0.000629
0.000629
0.000629
0.000629
0.000628
0.000628
0.000628
0.000628
0.000628
0.000628
0.000627
0.000627
0.000627
0.000627
0.000627
0.000627
0.000626
0.000626
0.000626
0.000626
0.000626
0.000626
0.000626
0.000625
0.000625
0.000625
0.000625
0.000625
0.000625
0.000624
0.000624
0.000624
0.000624
0.000624
0.000624
0.000623
0.000623
0.000623
0.000623
0.000623
0.000623
0.000623
0.000622
0.000622
0.000622
0.000622
0.000622
0.000622
0.000621
0.000621
0.000621
0.000621
0.000621
0.000621
0.000621
0.000620
0.000620
0.000620
0.000620
0.000620
0.000620
0.000619
0.000619
0.000619
0.000619
0.000619
0.000619
0.000619
0.000618
0.000618
0.000618
0.000618
0.000618
0.000618
0.000617
0.000617
0.000617
0.000617
0.000617
0.000617
0.000617
0.000616
0.000616
0.000616
0.000616
0.000616
0.000616
0.000615
0.000615
0.000615
0.000615
0.000615
0.000615
0.000615
0.000614
0.000614
0.000614
0.000614
0.000614
0.000614
0.000613
0.000613
0.000613
0.000613
0.000613
0.000613
0.000613
0.000612
0.000612
0.000612
0.000612
0.000612
0.000612
0.000612
0.000611
0.000611
0.000611
0.000611
0.000611
0.000611
0.000610
0.000610
0.000610
0.000610
0.000610
0.000610
0.000610
0.000609
0.000609
0.000609
0.000609
0.000609
0.000609
0.000609
0.000608
0.000608
0.000608
0.000608
0.000608
0.000608
0.000608
0.000607
0.000607
0.000607
0.000607
0.000607
0.000607
0.000606
0.000606
0.000606
0.000606
0.000606
0.000606
0.000606
0.000605
0.000605
0.000605
0.000605
0.000605
0.000605
0.000605
0.000604
0.000604
0.000604
0.000604
0.000604
0.000604
0.000604
0.000603
0.000603
0.000603
0.000603
0.000603
0.000603
0.000603
0.000602
0.000602
0.000602
0.000602
0.000602
0.000602
0.000601
0.000601
0.000601
0.000601
0.000601
0.000601
0.000601
0.000600
0.000600
0.000600
0.000600
0.000600
0.000600
0.000600
0.000599
0.000599
0.000599
0.000599
0.000599
0.000599
0.000599
0.000598
0.000598
0.000598
0.000598
0.000598
0.000598
0.000598
0.000597
0.000597
0.000597
0.000597
0.000597
0.000597
0.000597
0.000596
0.000596
0.000596
0.000596
0.000596
0.000596
0.000596
0.000595
0.000595
0.000595
0.000595
0.000595
0.000595
0.000595
0.000594
0.000594
0.000594
0.000594
0.000594
0.000594
0.000594
0.000593
0.000593
0.000593
0.000593
0.000593
0.000593
0.000593
0.000592
0.000592
0.000592
0.000592
0.000592
0.000592
0.000592
0.000591
0.000591
0.000591
0.000591
0.000591
0.000591
0.000591
0.000590
0.000590
0.000590
0.000590
0.000590
0.000590
0.000590
0.000590
0.000589
0.000589
0.000589
0.000589
0.000589
0.000589
0.000589
0.000588
0.000588
0.000588
0.000588
0.000588
0.000588
0.000588
0.000587
0.000587
0.000587
0.000587
0.000587
0.000587
0.000587
0.000586
0.000586
0.000586
0.000586
0.000586
0.000586
0.000586
0.000585
0.000585
0.000585
0.000585
0.000585
0.000585
0.000585
0.000585
0.000584
0.000584
0.000584
0.000584
0.000584
0.000584
0.000584
0.000583
0.000583
0.000583
0.000583
0.000583
0.000583
0.000583
0.000582
0.000582
0.000582
0.000582
0.000582
0.000582
0.000582
0.000582
0.000581
0.000581
0.000581
0.000581
0.000581
0.000581
0.000581
0.000580
0.000580
0.000580
0.000580
0.000580
0.000580
0.000580
0.000579
0.000579
0.000579
0.000579
0.000579
0.000579
0.000579
0.000579
0.000578
0.000578
0.000578
0.000578
0.000578
0.000578
0.000578
0.000577
0.000577
0.000577
0.000577
0.000577
0.000577
0.000577
0.000577
0.000576
0.000576
0.000576
0.000576
0.000576
0.000576
0.000576
0.000575
0.000575
0.000575
0.000575
0.000575
0.000575
0.000575
0.000575
0.000574
0.000574
0.000574
0.000574
0.000574
0.000574
0.000574
0.000573
0.000573
0.000573
0.000573
0.000573
0.000573
0.000573
0.000573
0.000572
0.000572
0.000572
0.000572
0.000572
0.000572
0.000572
0.000571
0.000571
0.000571
0.000571
0.000571
0.000571
0.000571
0.000571
0.000570
0.000570
0.000570
0.000570
0.000570
0.000570
0.000570
0.000570
0.000569
0.000569
0.000569
0.000569
0.000569
0.000569
0.000569
0.000568
0.000568
0.000568
0.000568
0.000568
0.000568
0.000568
0.000568
0.000567
0.000567
0.000567
0.000567
0.000567
0.000567
0.000567
0.000567
0.000566
0.000566
0.000566
0.000566
0.000566
0.000566
0.000566
0.000565
0.000565
0.000565
0.000565
0.000565
0.000565
0.000565
0.000565
0.000564
0.000564
0.000564
0.000564
0.000564
0.000564
0.000564
0.000564
0.000563
0.000563
0.000563
0.000563
0.000563
0.000563
0.000563
0.000563
0.000562
0.000562
0.000562
0.000562
0.000562
0.000562
0.000562
0.000562
0.000561
0.000561
0.000561
0.000561
0.000561
0.000561
0.000561
0.000561
0.000560
0.000560
0.000560
0.000560
0.000560
0.000560
0.000560
0.000559
0.000559
0.000559
0.000559
0.000559
0.000559
0.000559
0.000559
0.000558
0.000558
0.000558
0.000558
0.000558
0.000558
0.000558
0.000558
0.000557
0.000557
0.000557
0.000557
0.000557
0.000557
0.000557
0.000557
0.000556
0.000556
0.000556
0.000556
0.000556
0.000556
0.000556
0.000556
0.000555
0.000555
0.000555
0.000555
0.000555
0.000555
0.000555
0.000555
0.000554
0.000554
0.000554
0.000554
0.000554
0.000554
0.000554
0.000554
0.000554
0.000553
0.000553
0.000553
0.000553
0.000553
0.000553
0.000553
0.000553
0.000552
0.000552
0.000552
0.000552
0.000552
0.000552
0.000552
0.000552
0.000551
0.000551
0.000551
0.000551
0.000551
0.000551
0.000551
0.000551
0.000550
0.000550
0.000550
0.000550
0.000550
0.000550
0.000550
0.000550
0.000549
0.000549
0.000549
0.000549
0.000549
0.000549
0.000549
0.000549
0.000548
0.000548
0.000548
0.000548
0.000548
0.000548
0.000548
0.000548
0.000548
0.000547
0.000547
0.000547
0.000547
0.000547
0.000547
0.000547
0.000547
0.000546
0.000546
0.000546
0.000546
0.000546
0.000546
0.000546
0.000546
0.000545
0.000545
0.000545
0.000545
0.000545
0.000545
0.000545
0.000545
0.000545
0.000544
0.000544
0.000544
0.000544
0.000544
0.000544
0.000544
0.000544
0.000543
0.000543
0.000543
0.000543
0.000543
0.000543
0.000543
0.000543
0.000542
0.000542
0.000542
0.000542
0.000542
0.000542
0.000542
0.000542
0.000542
0.000541
0.000541
0.000541
0.000541
0.000541
0.000541
0.000541
0.000541
0.000540
0.000540
0.000540
0.000540
0.000540
0.000540
0.000540
0.000540
0.000540
0.000539
0.000539
0.000539
0.000539
0.000539
0.000539
0.000539
0.000539
0.000538
0.000538
0.000538
0.000538
0.000538
0.000538
0.000538
0.000538
0.000538
0.000537
0.000537
0.000537
0.000537
0.000537
0.000537
0.000537
0.000537
0.000536
0.000536
0.000536
0.000536
0.000536
0.000536
0.000536
0.000536
0.000536
0.000535
0.000535
0.000535
0.000535
0.000535
0.000535
0.000535
0.000535
0.000535
0.000534
0.000534
0.000534
0.000534
0.000534
0.000534
0.000534
0.000534
0.000533
0.000533
0.000533
0.000533
0.000533
0.000533
0.000533
0.000533
0.000533
0.000532
0.000532
0.000532
0.000532
0.000532
0.000532
0.000532
0.000532
0.000532
0.000531
0.000531
0.000531
0.000531
0.000531
0.000531
0.000531
0.000531
0.000531
0.000530
0.000530
0.000530
0.000530
0.000530
0.000530
0.000530
0.000530
0.000529
0.000529
0.000529
0.000529
0.000529
0.000529
0.000529
0.000529
0.000529
0.000528
0.000528
0.000528
0.000528
0.000528
0.000528
0.000528
0.000528
0.000528
0.000527
0.000527
0.000527
0.000527
0.000527
0.000527
0.000527
0.000527
0.000527
0.000526
0.000526
0.000526
0.000526
0.000526
0.000526
0.000526
0.000526
0.000526
0.000525
0.000525
0.000525
0.000525
0.000525
0.000525
0.000525
0.000525
0.000525
0.000524
0.000524
0.000524
0.000524
0.000524
0.000524
0.000524
0.000524
0.000524
0.000523
0.000523
0.000523
0.000523
0.000523
0.000523
0.000523
0.000523
0.000523
0.000522
0.000522
0.000522
0.000522
0.000522
0.000522
0.000522
0.000522
0.000522
0.000521
0.000521
0.000521
0.000521
0.000521
0.000521
0.000521
0.000521
0.000521
0.000520
0.000520
0.000520
0.000520
0.000520
0.000520
0.000520
0.000520
0.000520
0.000519
0.000519
0.000519
0.000519
0.000519
0.000519
0.000519
0.000519
0.000519
0.000519
0.000518
0.000518
0.000518
0.000518
0.000518
0.000518
0.000518
0.000518
0.000518
0.000517
0.000517
0.000517
0.000517
0.000517
0.000517
0.000517
0.000517
0.000517
0.000516
0.000516
0.000516
0.000516
0.000516
0.000516
0.000516
0.000516
0.000516
0.000515
0.000515
0.000515
0.000515
0.000515
0.000515
0.000515
0.000515
0.000515
0.000515
0.000514
0.000514
0.000514
0.000514
0.000514
0.000514
0.000514
0.000514
0.000514
0.000513
0.000513
0.000513
0.000513
0.000513
0.000513
0.000513
0.000513
0.000513
0.000512
0.000512
0.000512
0.000512
0.000512
0.000512
0.000512
0.000512
0.000512
0.000512
0.000511
0.000511
0.000511
0.000511
0.000511
0.000511
0.000511
0.000511
0.000511
0.000510
0.000510
0.000510
0.000510
0.000510
0.000510
0.000510
0.000510
0.000510
0.000510
0.000509
0.000509
0.000509
0.000509
0.000509
0.000509
0.000509
0.000509
0.000509
0.000508
0.000508
0.000508
0.000508
0.000508
0.000508
0.000508
0.000508
0.000508
0.000508
0.000507
0.000507
0.000507
0.000507
0.000507
0.000507
0.000507
0.000507
0.000507
0.000507
0.000506
0.000506
0.000506
0.000506
0.000506
0.000506
0.000506
0.000506
0.000506
0.000505
0.000505
0.000505
0.000505
0.000505
0.000505
0.000505
0.000505
0.000505
0.000505
0.000504
0.000504
0.000504
0.000504
0.000504
0.000504
0.000504
0.000504
0.000504
0.000504
0.000503
0.000503
0.000503
0.000503
0.000503
0.000503
0.000503
0.000503
0.000503
0.000502
0.000502
0.000502
0.000502
0.000502
0.000502
0.000502
0.000502
0.000502
0.000502
0.000501
0.000501
0.000501
0.000501
0.000501
0.000501
0.000501
0.000501
0.000501
0.000501
0.000500
0.000500
0.000500
0.000500
0.000500
0.000500
0.000500
0.000500
0.000500
0.000500
0.000499
0.000499
0.000499
0.000499
0.000499
0.000499
0.000499
0.000499
0.000499
0.000499
0.000498
0.000498
0.000498
0.000498
0.000498
0.000498
0.000498
0.000498
0.000498
0.000498
0.000497
0.000497
0.000497
0.000497
0.000497
0.000497
0.000497
0.000497
0.000497
0.000497
0.000496
0.000496
0.000496
0.000496
0.000496
0.000496
0.000496
0.000496
0.000496
0.000496
0.000495
0.000495
0.000495
0.000495
0.000495
0.000495
0.000495
0.000495
0.000495
0.000495
0.000494
0.000494
0.000494
0.000494
0.000494
0.000494
0.000494
0.000494
0.000494
0.000494
0.000493
0.000493
0.000493
0.000493
0.000493
0.000493
0.000493
0.000493
0.000493
0.000493
0.000492
0.000492
0.000492
0.000492
0.000492
0.000492
0.000492
0.000492
0.000492
0.000492
0.000491
0.000491
0.000491
0.000491
0.000491
0.000491
0.000491
0.000491
0.000491
0.000491
0.000491
0.000490
0.000490
0.000490
0.000490
0.000490
0.000490
0.000490
0.000490
0.000490
0.000490
0.000489
0.000489
0.000489
0.000489
0.000489
0.000489
0.000489
0.000489
0.000489
0.000489
0.000488
0.000488
0.000488
0.000488
0.000488
0.000488
0.000488
0.000488
0.000488
0.000488
0.000488
0.000487
0.000487
0.000487
0.000487
0.000487
0.000487
0.000487
0.000487
0.000487
0.000487
0.000486
0.000486
0.000486
0.000486
0.000486
0.000486
0.000486
0.000486
0.000486
0.000486
0.000485
0.000485
0.000485
0.000485
0.000485
0.000485
0.000485
0.000485
0.000485
0.000485
0.000485
0.000484
0.000484
0.000484
0.000484
0.000484
0.000484
0.000484
0.000484
0.000484
0.000484
0.000483
0.000483
0.000483
0.000483
0.000483
0.000483
0.000483
0.000483
0.000483
0.000483
0.000483
0.000482
0.000482
0.000482
0.000482
0.000482
0.000482
0.000482
0.000482
0.000482
0.000482
0.000482
0.000481
0.000481
0.000481
0.000481
0.000481
0.000481
0.000481
0.000481
0.000481
0.000481
0.000480
0.000480
0.000480
0.000480
0.000480
0.000480
0.000480
0.000480
0.000480
0.000480
0.000480
0.000479
0.000479
0.000479
0.000479
0.000479
0.000479
0.000479
0.000479
0.000479
0.000479
0.000479
0.000478
0.000478
0.000478
0.000478
0.000478
0.000478
0.000478
0.000478
0.000478
0.000478
0.000478
0.000477
0.000477
0.000477
0.000477
0.000477
0.000477
0.000477
0.000477
0.000477
0.000477
0.000476
0.000476
0.000476
0.000476
0.000476
0.000476
0.000476
0.000476
0.000476
0.000476
0.000476
0.000475
0.000475
0.000475
0.000475
0.000475
0.000475
0.000475
0.000475
0.000475
0.000475
0.000475
0.000474
0.000474
0.000474
0.000474
0.000474
0.000474
0.000474
0.000474
0.000474
0.000474
0.000474
0.000473
0.000473
0.000473
0.000473
0.000473
0.000473
0.000473
0.000473
0.000473
0.000473
0.000473
0.000472
0.000472
0.000472
0.000472
0.000472
0.000472
0.000472
0.000472
0.000472
0.000472
0.000472
0.000471
0.000471
0.000471
0.000471
0.000471
0.000471
0.000471
0.000471
0.000471
0.000471
0.000471
0.000470
0.000470
0.000470
0.000470
0.000470
0.000470
0.000470
0.000470
0.000470
0.000470
0.000470
0.000470
0.000469
0.000469
0.000469
0.000469
0.000469
0.000469
0.000469
0.000469
0.000469
0.000469
0.000469
0.000468
0.000468
0.000468
0.000468
0.000468
0.000468
0.000468
0.000468
0.000468
0.000468
0.000468
0.000467
0.000467
0.000467
0.000467
0.000467
0.000467
0.000467
0.000467
0.000467
0.000467
0.000467
0.000466
0.000466
0.000466
0.000466
0.000466
0.000466
0.000466
0.000466
0.000466
0.000466
0.000466
0.000466
0.000465
0.000465
0.000465
0.000465
0.000465
0.000465
0.000465
0.000465
0.000465
0.000465
0.000465
0.000464
0.000464
0.000464
0.000464
0.000464
0.000464
0.000464
0.000464
0.000464
0.000464
0.000464
0.000463
0.000463
0.000463
0.000463
0.000463
0.000463
0.000463
0.000463
0.000463
0.000463
0.000463
0.000463
0.000462
0.000462
0.000462
0.000462
0.000462
0.000462
0.000462
0.000462
0.000462
0.000462
0.000462
0.000462
0.000461
0.000461
0.000461
0.000461
0.000461
0.000461
0.000461
0.000461
0.000461
0.000461
0.000461
0.000460
0.000460
0.000460
0.000460
0.000460
0.000460
0.000460
0.000460
0.000460
0.000460
0.000460
0.000460
0.000459
0.000459
0.000459
0.000459
0.000459
0.000459
0.000459
0.000459
0.000459
0.000459
0.000459
0.000458
0.000458
0.000458
0.000458
0.000458
0.000458
0.000458
0.000458
0.000458
0.000458
0.000458
0.000458
0.000457
0.000457
0.000457
0.000457
0.000457
0.000457
0.000457
0.000457
0.000457
0.000457
0.000457
0.000457
0.000456
0.000456
0.000456
0.000456
0.000456
0.000456
0.000456
0.000456
0.000456
0.000456
0.000456
0.000456
0.000455
0.000455
0.000455
0.000455
0.000455
0.000455
0.000455
0.000455
0.000455
0.000455
0.000455
0.000455
0.000454
0.000454
0.000454
0.000454
0.000454
0.000454
0.000454
0.000454
0.000454
0.000454
0.000454
0.000454
0.000453
0.000453
0.000453
0.000453
0.000453
0.000453
0.000453
0.000453
0.000453
0.000453
0.000453
0.000453
0.000452
0.000452
0.000452
0.000452
0.000452
0.000452
0.000452
0.000452
0.000452
0.000452
0.000452
0.000452
0.000451
0.000451
0.000451
0.000451
0.000451
0.000451
0.000451
0.000451
0.000451
0.000451
0.000451
0.000451
0.000450
0.000450
0.000450
0.000450
0.000450
0.000450
0.000450
0.000450
0.000450
0.000450
0.000450
0.000450
0.000449
0.000449
0.000449
0.000449
0.000449
0.000449
0.000449
0.000449
0.000449
0.000449
0.000449
0.000449
0.000448
0.000448
0.000448
0.000448
0.000448
0.000448
0.000448
0.000448
0.000448
0.000448
0.000448
0.000448
0.000447
0.000447
0.000447
0.000447
0.000447
0.000447
0.000447
0.000447
0.000447
0.000447
0.000447
0.000447
0.000447
0.000446
0.000446
0.000446
0.000446
0.000446
0.000446
0.000446
0.000446
0.000446
0.000446
0.000446
0.000446
0.000445
0.000445
0.000445
0.000445
0.000445
0.000445
0.000445
0.000445
0.000445
0.000445
0.000445
0.000445
0.000445
0.000444
0.000444
0.000444
0.000444
0.000444
0.000444
0.000444
0.000444
0.000444
0.000444
0.000444
0.000444
0.000443
0.000443
0.000443
0.000443
0.000443
0.000443
0.000443
0.000443
0.000443
0.000443
0.000443
0.000443
0.000443
0.000442
0.000442
0.000442
0.000442
0.000442
0.000442
0.000442
0.000442
0.000442
0.000442
0.000442
0.000442
0.000441
0.000441
0.000441
0.000441
0.000441
0.000441
0.000441
0.000441
0.000441
0.000441
0.000441
0.000441
0.000441
0.000440
0.000440
0.000440
0.000440
0.000440
0.000440
0.000440
0.000440
0.000440
0.000440
0.000440
0.000440
0.000439
0.000439
0.000439
0.000439
0.000439
0.000439
0.000439
0.000439
0.000439
0.000439
0.000439
0.000439
0.000439
0.000438
0.000438
0.000438
0.000438
0.000438
0.000438
0.000438
0.000438
0.000438
0.000438
0.000438
0.000438
0.000438
0.000437
0.000437
0.000437
0.000437
0.000437
0.000437
0.000437
0.000437
0.000437
0.000437
0.000437
0.000437
0.000437
0.000436
0.000436
0.000436
0.000436
0.000436
0.000436
0.000436
0.000436
0.000436
0.000436
0.000436
0.000436
0.000436
0.000435
0.000435
0.000435
0.000435
0.000435
0.000435
0.000435
0.000435
0.000435
0.000435
0.000435
0.000435
0.000435
0.000434
0.000434
0.000434
0.000434
0.000434
0.000434
0.000434
0.000434
0.000434
0.000434
0.000434
0.000434
0.000434
0.000433
0.000433
0.000433
0.000433
0.000433
0.000433
0.000433
0.000433
0.000433
0.000433
0.000433
0.000433
0.000433
0.000432
0.000432
0.000432
0.000432
0.000432
0.000432
0.000432
0.000432
0.000432
0.000432
0.000432
0.000432
0.000432
0.000431
0.000431
0.000431
0.000431
0.000431
0.000431
0.000431
0.000431
0.000431
0.000431
0.000431
0.000431
0.000431
0.000430
0.000430
0.000430
0.000430
0.000430
0.000430
0.000430
0.000430
0.000430
0.000430
0.000430
0.000430
0.000430
0.000430
0.000429
0.000429
0.000429
0.000429
0.000429
0.000429
0.000429
0.000429
0.000429
0.000429
0.000429
0.000429
0.000429
0.000428
0.000428
0.000428
0.000428
0.000428
0.000428
0.000428
0.000428
0.000428
0.000428
0.000428
0.000428
0.000428
0.000427
0.000427
0.000427
0.000427
0.000427
0.000427
0.000427
0.000427
0.000427
0.000427
0.000427
0.000427
0.000427
0.000427
0.000426
0.000426
0.000426
0.000426
0.000426
0.000426
0.000426
0.000426
0.000426
0.000426
0.000426
0.000426
0.000426
0.000425
0.000425
0.000425
0.000425
0.000425
0.000425
0.000425
0.000425
0.000425
0.000425
0.000425
0.000425
0.000425
0.000425
0.000424
0.000424
0.000424
0.000424
0.000424
0.000424
0.000424
0.000424
0.000424
0.000424
0.000424
0.000424
0.000424
0.000424
0.000423
0.000423
0.000423
0.000423
0.000423
0.000423
0.000423
0.000423
0.000423
0.000423
0.000423
0.000423
0.000423
0.000422
0.000422
0.000422
0.000422
0.000422
0.000422
0.000422
0.000422
0.000422
0.000422
0.000422
0.000422
0.000422
0.000422
0.000421
0.000421
0.000421
0.000421
0.000421
0.000421
0.000421
0.000421
0.000421
0.000421
0.000421
0.000421
0.000421
0.000421
0.000420
0.000420
0.000420
0.000420
0.000420
0.000420
0.000420
0.000420
0.000420
0.000420
0.000420
0.000420
0.000420
0.000420
0.000419
0.000419
0.000419
0.000419
0.000419
0.000419
0.000419
0.000419
0.000419
0.000419
0.000419
0.000419
0.000419
0.000419
0.000418
0.000418
0.000418
0.000418
0.000418
0.000418
0.000418
0.000418
0.000418
0.000418
0.000418
0.000418
0.000418
0.000418
0.000417
0.000417
0.000417
0.000417
0.000417
0.000417
0.000417
0.000417
0.000417
0.000417
0.000417
0.000417
0.000417
0.000417
0.000416
0.000416
0.000416
0.000416
0.000416
0.000416
0.000416
0.000416
0.000416
0.000416
0.000416
0.000416
0.000416
0.000416
0.000415
0.000415
0.000415
0.000415
0.000415
0.000415
0.000415
0.000415
0.000415
0.000415
0.000415
0.000415
0.000415
0.000415
0.000415
0.000414
0.000414
0.000414
0.000414
0.000414
0.000414
0.000414
0.000414
0.000414
0.000414
0.000414
0.000414
0.000414
0.000414
0.000413
0.000413
0.000413
0.000413
0.000413
0.000413
0.000413
0.000413
0.000413
0.000413
0.000413
0.000413
0.000413
0.000413
0.000412
0.000412
0.000412
0.000412
0.000412
0.000412
0.000412
0.000412
0.000412
0.000412
0.000412
0.000412
0.000412
0.000412
0.000412
0.000411
0.000411
0.000411
0.000411
0.000411
0.000411
0.000411
0.000411
0.000411
0.000411
0.000411
0.000411
0.000411
0.000411
0.000410
0.000410
0.000410
0.000410
0.000410
0.000410
0.000410
0.000410
0.000410
0.000410
0.000410
0.000410
0.000410
0.000410
0.000410
0.000409
0.000409
0.000409
0.000409
0.000409
0.000409
0.000409
0.000409
0.000409
0.000409
0.000409
0.000409
0.000409
0.000409
0.000408
0.000408
0.000408
0.000408
0.000408
0.000408
0.000408
0.000408
0.000408
0.000408
0.000408
0.000408
0.000408
0.000408
0.000408
0.000407
0.000407
0.000407
0.000407
0.000407
0.000407
0.000407
0.000407
0.000407
0.000407
0.000407
0.000407
0.000407
0.000407
0.000407
0.000406
0.000406
0.000406
0.000406
0.000406
0.000406
0.000406
0.000406
0.000406
0.000406
0.000406
0.000406
0.000406
0.000406
0.000406
0.000405
0.000405
0.000405
0.000405
0.000405
0.000405
0.000405
0.000405
0.000405
0.000405
0.000405
0.000405
0.000405
0.000405
0.000405
0.000404
0.000404
0.000404
0.000404
0.000404
0.000404
0.000404
0.000404
0.000404
0.000404
0.000404
0.000404
0.000404
0.000404
0.000404
0.000403
0.000403
0.000403
0.000403
0.000403
0.000403
0.000403
0.000403
0.000403
0.000403
0.000403
0.000403
0.000403
0.000403
0.000403
0.000402
0.000402
0.000402
0.000402
0.000402
0.000402
0.000402
0.000402
0.000402
0.000402
0.000402
0.000402
0.000402
0.000402
0.000402
0.000401
0.000401
0.000401
0.000401
0.000401
0.000401
0.000401
0.000401
0.000401
0.000401
0.000401
0.000401
0.000401
0.000401
0.000401
0.000400
0.000400
0.000400
0.000400
0.000400
0.000400
0.000400
0.000400
0.000400
0.000400
0.000400
0.000400
0.000400
0.000400
0.000400
0.000400
0.000399
0.000399
0.000399
0.000399
0.000399
0.000399
0.000399
0.000399
0.000399
0.000399
0.000399
0.000399
0.000399
0.000399
0.000399
0.000398
0.000398
0.000398
0.000398
0.000398
0.000398
0.000398
0.000398
0.000398
0.000398
0.000398
0.000398
0.000398
0.000398
0.000398
0.000398
0.000397
0.000397
0.000397
0.000397
0.000397
0.000397
0.000397
0.000397
0.000397
0.000397
0.000397
0.000397
0.000397
0.000397
0.000397
0.000396
0.000396
0.000396
0.000396
0.000396
0.000396
0.000396
0.000396
0.000396
0.000396
0.000396
0.000396
0.000396
0.000396
0.000396
0.000396
0.000395
0.000395
0.000395
0.000395
0.000395
0.000395
0.000395
0.000395
0.000395
0.000395
0.000395
0.000395
0.000395
0.000395
0.000395
0.000394
0.000394
0.000394
0.000394
0.000394
0.000394
0.000394
0.000394
0.000394
0.000394
0.000394
0.000394
0.000394
0.000394
0.000394
0.000394
0.000393
0.000393
0.000393
0.000393
0.000393
0.000393
0.000393
0.000393
0.000393
0.000393
0.000393
0.000393
0.000393
0.000393
0.000393
0.000393
0.000392
0.000392
0.000392
0.000392
0.000392
0.000392
0.000392
0.000392
0.000392
0.000392
0.000392
0.000392
0.000392
0.000392
0.000392
0.000392
0.000391
0.000391
0.000391
0.000391
0.000391
0.000391
0.000391
0.000391
0.000391
0.000391
0.000391
0.000391
0.000391
0.000391
0.000391
0.000391
0.000390
0.000390
0.000390
0.000390
0.000390
0.000390
0.000390
0.000390
0.000390
0.000390
0.000390
0.000390
0.000390
0.000390
0.000390
0.000390
0.000389
0.000389
0.000389
0.000389
0.000389
0.000389
0.000389
0.000389
0.000389
0.000389
0.000389
0.000389
0.000389
0.000389
0.000389
0.000389
0.000388
0.000388
0.000388
0.000388
0.000388
0.000388
0.000388
0.000388
0.000388
0.000388
0.000388
0.000388
0.000388
0.000388
0.000388
0.000388
0.000388
0.000387
0.000387
0.000387
0.000387
0.000387
0.000387
0.000387
0.000387
0.000387
0.000387
0.000387
0.000387
0.000387
0.000387
0.000387
0.000387
0.000386
0.000386
0.000386
0.000386
0.000386
0.000386
0.000386
0.000386
0.000386
0.000386
0.000386
0.000386
0.000386
0.000386
0.000386
0.000386
0.000385
0.000385
0.000385
0.000385
0.000385
0.000385
0.000385
0.000385
0.000385
0.000385
0.000385
0.000385
0.000385
0.000385
0.000385
0.000385
0.000385
0.000384
0.000384
0.000384
0.000384
0.000384
0.000384
0.000384
0.000384
0.000384
0.000384
0.000384
0.000384
0.000384
0.000384
0.000384
0.000384
0.000383
0.000383
0.000383
0.000383
0.000383
0.000383
0.000383
0.000383
0.000383
0.000383
0.000383
0.000383
0.000383
0.000383
0.000383
0.000383
0.000383
0.000382
0.000382
0.000382
0.000382
0.000382
0.000382
0.000382
0.000382
0.000382
0.000382
0.000382
0.000382
0.000382
0.000382
0.000382
0.000382
0.000382
0.000381
0.000381
0.000381
0.000381
0.000381
0.000381
0.000381
0.000381
0.000381
0.000381
0.000381
0.000381
0.000381
0.000381
0.000381
0.000381
0.000381
0.000380
0.000380
0.000380
0.000380
0.000380
0.000380
0.000380
0.000380
0.000380
0.000380
0.000380
0.000380
0.000380
0.000380
0.000380
0.000380
0.000380
0.000379
0.000379
0.000379
0.000379
0.000379
0.000379
0.000379
0.000379
0.000379
0.000379
0.000379
0.000379
0.000379
0.000379
0.000379
0.000379
0.000379
0.000378
0.000378
0.000378
0.000378
0.000378
0.000378
0.000378
0.000378
0.000378
0.000378
0.000378
0.000378
0.000378
0.000378
0.000378
0.000378
0.000378
0.000377
0.000377
0.000377
0.000377
0.000377
0.000377
0.000377
0.000377
0.000377
0.000377
0.000377
0.000377
0.000377
0.000377
0.000377
0.000377
0.000377
0.000376
0.000376
0.000376
0.000376
0.000376
0.000376
0.000376
0.000376
0.000376
0.000376
0.000376
0.000376
0.000376
0.000376
0.000376
0.000376
0.000376
0.000375
0.000375
0.000375
0.000375
0.000375
0.000375
0.000375
0.000375
0.000375
0.000375
0.000375
0.000375
0.000375
0.000375
0.000375
0.000375
0.000375
0.000375
0.000374
0.000374
0.000374
0.000374
0.000374
0.000374
0.000374
0.000374
0.000374
0.000374
0.000374
0.000374
0.000374
0.000374
0.000374
0.000374
0.000374
0.000373
0.000373
0.000373
0.000373
0.000373
0.000373
0.000373
0.000373
0.000373
0.000373
0.000373
0.000373
0.000373
0.000373
0.000373
0.000373
0.000373
0.000373
0.000372
0.000372
0.000372
0.000372
0.000372
0.000372
0.000372
0.000372
0.000372
0.000372
0.000372
0.000372
0.000372
0.000372
0.000372
0.000372
0.000372
0.000371
0.000371
0.000371
0.000371
0.000371
0.000371
0.000371
0.000371
0.000371
0.000371
0.000371
0.000371
0.000371
0.000371
0.000371
0.000371
0.000371
0.000371
0.000370
0.000370
0.000370
0.000370
0.000370
0.000370
0.000370
0.000370
0.000370
0.000370
0.000370
0.000370
0.000370
0.000370
0.000370
0.000370
0.000370
0.000370
0.000369
0.000369
0.000369
0.000369
0.000369
0.000369
0.000369
0.000369
0.000369
0.000369
0.000369
0.000369
0.000369
0.000369
0.000369
0.000369
0.000369
0.000369
0.000368
0.000368
0.000368
0.000368
0.000368
0.000368
0.000368
0.000368
0.000368
0.000368
0.000368
0.000368
0.000368
0.000368
0.000368
0.000368
0.000368
0.000368
0.000367
0.000367
0.000367
0.000367
0.000367
0.000367
0.000367
0.000367
0.000367
0.000367
0.000367
0.000367
0.000367
0.000367
0.000367
0.000367
0.000367
0.000367
0.000366
0.000366
0.000366
0.000366
0.000366
0.000366
0.000366
0.000366
0.000366
0.000366
0.000366
0.000366
0.000366
0.000366
0.000366
0.000366
0.000366
0.000366
0.000365
0.000365
0.000365
0.000365
0.000365
0.000365
0.000365
0.000365
0.000365
0.000365
0.000365
0.000365
0.000365
0.000365
0.000365
0.000365
0.000365
0.000365
0.000365
0.000364
0.000364
0.000364
0.000364
0.000364
0.000364
0.000364
0.000364
0.000364
0.000364
0.000364
0.000364
0.000364
0.000364
0.000364
0.000364
0.000364
0.000364
0.000363
0.000363
0.000363
0.000363
0.000363
0.000363
0.000363
0.000363
0.000363
0.000363
0.000363
0.000363
0.000363
0.000363
0.000363
0.000363
0.000363
0.000363
0.000363
0.000362
0.000362
0.000362
0.000362
0.000362
0.000362
0.000362
0.000362
0.000362
0.000362
0.000362
0.000362
0.000362
0.000362
0.000362
0.000362
0.000362
0.000362
0.000361
0.000361
0.000361
0.000361
0.000361
0.000361
0.000361
0.000361
0.000361
0.000361
0.000361
0.000361
0.000361
0.000361
0.000361
0.000361
0.000361
0.000361
0.000361
0.000360
0.000360
0.000360
0.000360
0.000360
0.000360
0.000360
0.000360
0.000360
0.000360
0.000360
0.000360
0.000360
0.000360
0.000360
0.000360
0.000360
0.000360
0.000360
0.000359
0.000359
0.000359
0.000359
0.000359
0.000359
0.000359
0.000359
0.000359
0.000359
0.000359
0.000359
0.000359
0.000359
0.000359
0.000359
0.000359
0.000359
0.000359
0.000358
0.000358
0.000358
0.000358
0.000358
0.000358
0.000358
0.000358
0.000358
0.000358
0.000358
0.000358
0.000358
0.000358
0.000358
0.000358
0.000358
0.000358
0.000358
0.000357
0.000357
0.000357
0.000357
0.000357
0.000357
0.000357
0.000357
0.000357
0.000357
0.000357
0.000357
0.000357
0.000357
0.000357
0.000357
0.000357
0.000357
0.000357
0.000356
0.000356
0.000356
0.000356
0.000356
0.000356
0.000356
0.000356
0.000356
0.000356
0.000356
0.000356
0.000356
0.000356
0.000356
0.000356
0.000356
0.000356
0.000356
0.000355
0.000355
0.000355
0.000355
0.000355
0.000355
0.000355
0.000355
0.000355
0.000355
0.000355
0.000355
0.000355
0.000355
0.000355
0.000355
0.000355
0.000355
0.000355
0.000355
0.000354
0.000354
0.000354
0.000354
0.000354
0.000354
0.000354
0.000354
0.000354
0.000354
0.000354
0.000354
0.000354
0.000354
0.000354
0.000354
0.000354
0.000354
0.000354
0.000353
0.000353
0.000353
0.000353
0.000353
0.000353
0.000353
0.000353
0.000353
0.000353
0.000353
0.000353
0.000353
0.000353
0.000353
0.000353
0.000353
0.000353
0.000353
0.000353
0.000352
0.000352
0.000352
0.000352
0.000352
0.000352
0.000352
0.000352
0.000352
0.000352
0.000352
0.000352
0.000352
0.000352
0.000352
0.000352
0.000352
0.000352
0.000352
0.000352
0.000351
0.000351
0.000351
0.000351
0.000351
0.000351
0.000351
0.000351
0.000351
0.000351
0.000351
0.000351
0.000351
0.000351
0.000351
0.000351
0.000351
0.000351
0.000351
0.000350
0.000350
0.000350
0.000350
0.000350
0.000350
0.000350
0.000350
0.000350
0.000350
0.000350
0.000350
0.000350
0.000350
0.000350
0.000350
0.000350
0.000350
0.000350
0.000350
0.000349
0.000349
0.000349
0.000349
0.000349
0.000349
0.000349
0.000349
0.000349
0.000349
0.000349
0.000349
0.000349
0.000349
0.000349
0.000349
0.000349
0.000349
0.000349
0.000349
0.000348
0.000348
0.000348
0.000348
0.000348
0.000348
0.000348
0.000348
0.000348
0.000348
0.000348
0.000348
0.000348
0.000348
0.000348
0.000348
0.000348
0.000348
0.000348
0.000348
0.000348
0.000347
0.000347
0.000347
0.000347
0.000347
0.000347
0.000347
0.000347
0.000347
0.000347
0.000347
0.000347
0.000347
0.000347
0.000347
0.000347
0.000347
0.000347
0.000347
0.000347
0.000346
0.000346
0.000346
0.000346
0.000346
0.000346
0.000346
0.000346
0.000346
0.000346
0.000346
0.000346
0.000346
0.000346
0.000346
0.000346
0.000346
0.000346
0.000346
0.000346
0.000345
0.000345
0.000345
0.000345
0.000345
0.000345
0.000345
0.000345
0.000345
0.000345
0.000345
0.000345
0.000345
0.000345
0.000345
0.000345
0.000345
0.000345
0.000345
0.000345
0.000345
0.000344
0.000344
0.000344
0.000344
0.000344
0.000344
0.000344
0.000344
0.000344
0.000344
0.000344
0.000344
0.000344
0.000344
0.000344
0.000344
0.000344
0.000344
0.000344
0.000344
0.000343
0.000343
0.000343
0.000343
0.000343
0.000343
0.000343
0.000343
0.000343
0.000343
0.000343
0.000343
0.000343
0.000343
0.000343
0.000343
0.000343
0.000343
0.000343
0.000343
0.000343
0.000342
0.000342
0.000342
0.000342
0.000342
0.000342
0.000342
0.000342
0.000342
0.000342
0.000342
0.000342
0.000342
0.000342
0.000342
0.000342
0.000342
0.000342
0.000342
0.000342
0.000342
0.000341
0.000341
0.000341
0.000341
0.000341
0.000341
0.000341
0.000341
0.000341
0.000341
0.000341
0.000341
0.000341
0.000341
0.000341
0.000341
0.000341
0.000341
0.000341
0.000341
0.000341
0.000340
0.000340
0.000340
0.000340
0.000340
0.000340
0.000340
0.000340
0.000340
0.000340
0.000340
0.000340
0.000340
0.000340
0.000340
0.000340
0.000340
0.000340
0.000340
0.000340
0.000340
0.000339
0.000339
0.000339
0.000339
0.000339
0.000339
0.000339
0.000339
0.000339
0.000339
0.000339
0.000339
0.000339
0.000339
0.000339
0.000339
0.000339
0.000339
0.000339
0.000339
0.000339
0.000338
0.000338
0.000338
0.000338
0.000338
0.000338
0.000338
0.000338
0.000338
0.000338
0.000338
0.000338
0.000338
0.000338
0.000338
0.000338
0.000338
0.000338
0.000338
0.000338
0.000338
0.000337
0.000337
0.000337
0.000337
0.000337
0.000337
0.000337
0.000337
0.000337
0.000337
0.000337
0.000337
0.000337
0.000337
0.000337
0.000337
0.000337
0.000337
0.000337
0.000337
0.000337
0.000337
0.000336
0.000336
0.000336
0.000336
0.000336
0.000336
0.000336
0.000336
0.000336
0.000336
0.000336
0.000336
0.000336
0.000336
0.000336
0.000336
0.000336
0.000336
0.000336
0.000336
0.000336
0.000335
0.000335
0.000335
0.000335
0.000335
0.000335
0.000335
0.000335
0.000335
0.000335
0.000335
0.000335
0.000335
0.000335
0.000335
0.000335
0.000335
0.000335
0.000335
0.000335
0.000335
0.000335
0.000334
0.000334
0.000334
0.000334
0.000334
0.000334
0.000334
0.000334
0.000334
0.000334
0.000334
0.000334
0.000334
0.000334
0.000334
0.000334
0.000334
0.000334
0.000334
0.000334
0.000334
0.000334
0.000333
0.000333
0.000333
0.000333
0.000333
0.000333
0.000333
0.000333
0.000333
0.000333
0.000333
0.000333
0.000333
0.000333
0.000333
0.000333
0.000333
0.000333
0.000333
0.000333
0.000333
0.000333
0.000332
0.000332
0.000332
0.000332
0.000332
0.000332
0.000332
0.000332
0.000332
0.000332
0.000332
0.000332
0.000332
0.000332
0.000332
0.000332
0.000332
0.000332
0.000332
0.000332
0.000332
0.000332
0.000331
0.000331
0.000331
0.000331
0.000331
0.000331
0.000331
0.000331
0.000331
0.000331
0.000331
0.000331
0.000331
0.000331
0.000331
0.000331
0.000331
0.000331
0.000331
0.000331
0.000331
0.000331
0.000330
0.000330
0.000330
0.000330
0.000330
0.000330
0.000330
0.000330
0.000330
0.000330
0.000330
0.000330
0.000330
0.000330
0.000330
0.000330
0.000330
0.000330
0.000330
0.000330
0.000330
0.000330
0.000330
0.000329
0.000329
0.000329
0.000329
0.000329
0.000329
0.000329
0.000329
0.000329
0.000329
0.000329
0.000329
0.000329
0.000329
0.000329
0.000329
0.000329
0.000329
0.000329
0.000329
0.000329
0.000329
0.000328
0.000328
0.000328
0.000328
0.000328
0.000328
0.000328
0.000328
0.000328
0.000328
0.000328
0.000328
0.000328
0.000328
0.000328
0.000328
0.000328
0.000328
0.000328
0.000328
0.000328
0.000328
0.000328
0.000327
0.000327
0.000327
0.000327
0.000327
0.000327
0.000327
0.000327
0.000327
0.000327
0.000327
0.000327
0.000327
0.000327
0.000327
0.000327
0.000327
0.000327
0.000327
0.000327
0.000327
0.000327
0.000327
0.000326
0.000326
0.000326
0.000326
0.000326
0.000326
0.000326
0.000326
0.000326
0.000326
0.000326
0.000326
0.000326
0.000326
0.000326
0.000326
0.000326
0.000326
0.000326
0.000326
0.000326
0.000326
0.000326
0.000325
0.000325
0.000325
0.000325
0.000325
0.000325
0.000325
0.000325
0.000325
0.000325
0.000325
0.000325
0.000325
0.000325
0.000325
0.000325
0.000325
0.000325
0.000325
0.000325
0.000325
0.000325
0.000325
0.000324
0.000324
0.000324
0.000324
0.000324
0.000324
0.000324
0.000324
0.000324
0.000324
0.000324
0.000324
0.000324
0.000324
0.000324
0.000324
0.000324
0.000324
0.000324
0.000324
0.000324
0.000324
0.000324
0.000323
0.000323
0.000323
0.000323
0.000323
0.000323
0.000323
0.000323
0.000323
0.000323
0.000323
0.000323
0.000323
0.000323
0.000323
0.000323
0.000323
0.000323
0.000323
0.000323
0.000323
0.000323
0.000323
0.000322
0.000322
0.000322
0.000322
0.000322
0.000322
0.000322
0.000322
0.000322
0.000322
0.000322
0.000322
0.000322
0.000322
0.000322
0.000322
0.000322
0.000322
0.000322
0.000322
0.000322
0.000322
0.000322
0.000322
0.000321
0.000321
0.000321
0.000321
0.000321
0.000321
0.000321
0.000321
0.000321
0.000321
0.000321
0.000321
0.000321
0.000321
0.000321
0.000321
0.000321
0.000321
0.000321
0.000321
0.000321
0.000321
0.000321
0.000320
0.000320
0.000320
0.000320
0.000320
0.000320
0.000320
0.000320
0.000320
0.000320
0.000320
0.000320
0.000320
0.000320
0.000320
0.000320
0.000320
0.000320
0.000320
0.000320
0.000320
0.000320
0.000320
0.000320
0.000319
0.000319
0.000319
0.000319
0.000319
0.000319
0.000319
0.000319
0.000319
0.000319
0.000319
0.000319
0.000319
0.000319
0.000319
0.000319
0.000319
0.000319
0.000319
0.000319
0.000319
0.000319
0.000319
0.000319
0.000318
0.000318
0.000318
0.000318
0.000318
0.000318
0.000318
0.000318
0.000318
0.000318
0.000318
0.000318
0.000318
0.000318
0.000318
0.000318
0.000318
0.000318
0.000318
0.000318
0.000318
0.000318
0.000318
0.000318
0.000317
0.000317
0.000317
0.000317
0.000317
0.000317
0.000317
0.000317
0.000317
0.000317
0.000317
0.000317
0.000317
0.000317
0.000317
0.000317
0.000317
0.000317
0.000317
0.000317
0.000317
0.000317
0.000317
0.000317
0.000316
0.000316
0.000316
0.000316
0.000316
0.000316
0.000316
0.000316
0.000316
0.000316
0.000316
0.000316
0.000316
0.000316
0.000316
0.000316
0.000316
0.000316
0.000316
0.000316
0.000316
0.000316
0.000316
0.000316
0.000316
0.000315
0.000315
0.000315
0.000315
0.000315
0.000315
0.000315
0.000315
0.000315
0.000315
0.000315
0.000315
0.000315
0.000315
0.000315
0.000315
0.000315
0.000315
0.000315
0.000315
0.000315
0.000315
0.000315
0.000315
0.000314
0.000314
0.000314
0.000314
0.000314
0.000314
0.000314
0.000314
0.000314
0.000314
0.000314
0.000314
0.000314
0.000314
0.000314
0.000314
0.000314
0.000314
0.000314
0.000314
0.000314
0.000314
0.000314
0.000314
0.000314
0.000313
0.000313
0.000313
0.000313
0.000313
0.000313
0.000313
0.000313
0.000313
0.000313
0.000313
0.000313
0.000313
0.000313
0.000313
0.000313
0.000313
0.000313
0.000313
0.000313
0.000313
0.000313
0.000313
0.000313
0.000313
0.000312
0.000312
0.000312
0.000312
0.000312
0.000312
0.000312
0.000312
0.000312
0.000312
0.000312
0.000312
0.000312
0.000312
0.000312
0.000312
0.000312
0.000312
0.000312
0.000312
0.000312
0.000312
0.000312
0.000312
0.000312
0.000311
0.000311
0.000311
0.000311
0.000311
0.000311
0.000311
0.000311
0.000311
0.000311
0.000311
0.000311
0.000311
0.000311
0.000311
0.000311
0.000311
0.000311
0.000311
0.000311
0.000311
0.000311
0.000311
0.000311
0.000311
0.000310
0.000310
0.000310
0.000310
0.000310
0.000310
0.000310
0.000310
0.000310
0.000310
0.000310
0.000310
0.000310
0.000310
0.000310
0.000310
0.000310
0.000310
0.000310
0.000310
0.000310
0.000310
0.000310
0.000310
0.000310
0.000309
0.000309
0.000309
0.000309
0.000309
0.000309
0.000309
0.000309
0.000309
0.000309
0.000309
0.000309
0.000309
0.000309
0.000309
0.000309
0.000309
0.000309
0.000309
0.000309
0.000309
0.000309
0.000309
0.000309
0.000309
0.000308
0.000308
0.000308
0.000308
0.000308
0.000308
0.000308
0.000308
0.000308
0.000308
0.000308
0.000308
0.000308
0.000308
0.000308
0.000308
0.000308
0.000308
0.000308
0.000308
0.000308
0.000308
0.000308
0.000308
0.000308
0.000308
0.000307
0.000307
0.000307
0.000307
0.000307
0.000307
0.000307
0.000307
0.000307
0.000307
0.000307
0.000307
0.000307
0.000307
0.000307
0.000307
0.000307
0.000307
0.000307
0.000307
0.000307
0.000307
0.000307
0.000307
0.000307
0.000307
0.000306
0.000306
0.000306
0.000306
0.000306
0.000306
0.000306
0.000306
0.000306
0.000306
0.000306
0.000306
0.000306
0.000306
0.000306
0.000306
0.000306
0.000306
0.000306
0.000306
0.000306
0.000306
0.000306
0.000306
0.000306
0.000306
0.000305
0.000305
0.000305
0.000305
0.000305
0.000305
0.000305
0.000305
0.000305
0.000305
0.000305
0.000305
0.000305
0.000305
0.000305
0.000305
0.000305
0.000305
0.000305
0.000305
0.000305
0.000305
0.000305
0.000305
0.000305
0.000305
0.000304
0.000304
0.000304
0.000304
0.000304
0.000304
0.000304
0.000304
0.000304
0.000304
0.000304
0.000304
0.000304
0.000304
0.000304
0.000304
0.000304
0.000304
0.000304
0.000304
0.000304
0.000304
0.000304
0.000304
0.000304
0.000304
0.000303
0.000303
0.000303
0.000303
0.000303
0.000303
0.000303
0.000303
0.000303
0.000303
0.000303
0.000303
0.000303
0.000303
0.000303
0.000303
0.000303
0.000303
0.000303
0.000303
0.000303
0.000303
0.000303
0.000303
0.000303
0.000303
0.000303
0.000302
0.000302
0.000302
0.000302
0.000302
0.000302
0.000302
0.000302
0.000302
0.000302
0.000302
0.000302
0.000302
0.000302
0.000302
0.000302
0.000302
0.000302
0.000302
0.000302
0.000302
0.000302
0.000302
0.000302
0.000302
0.000302
0.000301
0.000301
0.000301
0.000301
0.000301
0.000301
0.000301
0.000301
0.000301
0.000301
0.000301
0.000301
0.000301
0.000301
0.000301
0.000301
0.000301
0.000301
0.000301
0.000301
0.000301
0.000301
0.000301
0.000301
0.000301
0.000301
0.000301
0.000300
0.000300
0.000300
0.000300
0.000300
0.000300
0.000300
0.000300
0.000300
0.000300
0.000300
0.000300
0.000300
0.000300
0.000300
0.000300
0.000300
0.000300
0.000300
0.000300
0.000300
0.000300
0.000300
0.000300
0.000300
0.000300
0.000300
0.000299
0.000299
0.000299
0.000299
0.000299
0.000299
0.000299
0.000299
0.000299
0.000299
0.000299
0.000299
0.000299
0.000299
0.000299
0.000299
0.000299
0.000299
0.000299
0.000299
0.000299
0.000299
0.000299
0.000299
0.000299
0.000299
0.000299
0.000298
0.000298
0.000298
0.000298
0.000298
0.000298
0.000298
0.000298
0.000298
0.000298
0.000298
0.000298
0.000298
0.000298
0.000298
0.000298
0.000298
0.000298
0.000298
0.000298
0.000298
0.000298
0.000298
0.000298
0.000298
0.000298
0.000298
0.000298
0.000297
0.000297
0.000297
0.000297
0.000297
0.000297
0.000297
0.000297
0.000297
0.000297
0.000297
0.000297
0.000297
0.000297
0.000297
0.000297
0.000297
0.000297
0.000297
0.000297
0.000297
0.000297
0.000297
0.000297
0.000297
0.000297
0.000297
0.000296
0.000296
0.000296
0.000296
0.000296
0.000296
0.000296
0.000296
0.000296
0.000296
0.000296
0.000296
0.000296
0.000296
0.000296
0.000296
0.000296
0.000296
0.000296
0.000296
0.000296
0.000296
0.000296
0.000296
0.000296
0.000296
0.000296
0.000296
0.000295
0.000295
0.000295
0.000295
0.000295
0.000295
0.000295
0.000295
0.000295
0.000295
0.000295
0.000295
0.000295
0.000295
0.000295
0.000295
0.000295
0.000295
0.000295
0.000295
0.000295
0.000295
0.000295
0.000295
0.000295
0.000295
0.000295
0.000295
0.000294
0.000294
0.000294
0.000294
0.000294
0.000294
0.000294
0.000294
0.000294
0.000294
0.000294
0.000294
0.000294
0.000294
0.000294
0.000294
0.000294
0.000294
0.000294
0.000294
0.000294
0.000294
0.000294
0.000294
0.000294
0.000294
0.000294
0.000294
0.000293
0.000293
0.000293
0.000293
0.000293
0.000293
0.000293
0.000293
0.000293
0.000293
0.000293
0.000293
0.000293
0.000293
0.000293
0.000293
0.000293
0.000293
0.000293
0.000293
0.000293
0.000293
0.000293
0.000293
0.000293
0.000293
0.000293
0.000293
0.000292
0.000292
0.000292
0.000292
0.000292
0.000292
0.000292
0.000292
0.000292
0.000292
0.000292
0.000292
0.000292
0.000292
0.000292
0.000292
0.000292
0.000292
0.000292
0.000292
0.000292
0.000292
0.000292
0.000292
0.000292
0.000292
0.000292
0.000292
0.000292
0.000291
0.000291
0.000291
0.000291
0.000291
0.000291
0.000291
0.000291
0.000291
0.000291
0.000291
0.000291
0.000291
0.000291
0.000291
0.000291
0.000291
0.000291
0.000291
0.000291
0.000291
0.000291
0.000291
0.000291
0.000291
0.000291
0.000291
0.000291
0.000290
0.000290
0.000290
0.000290
0.000290
0.000290
0.000290
0.000290
0.000290
0.000290
0.000290
0.000290
0.000290
0.000290
0.000290
0.000290
0.000290
0.000290
0.000290
0.000290
0.000290
0.000290
0.000290
0.000290
0.000290
0.000290
0.000290
0.000290
0.000290
0.000289
0.000289
0.000289
0.000289
0.000289
0.000289
0.000289
0.000289
0.000289
0.000289
0.000289
0.000289
0.000289
0.000289
0.000289
0.000289
0.000289
0.000289
0.000289
0.000289
0.000289
0.000289
0.000289
0.000289
0.000289
0.000289
0.000289
0.000289
0.000289
0.000288
0.000288
0.000288
0.000288
0.000288
0.000288
0.000288
0.000288
0.000288
0.000288
0.000288
0.000288
0.000288
0.000288
0.000288
0.000288
0.000288
0.000288
0.000288
0.000288
0.000288
0.000288
0.000288
0.000288
0.000288
0.000288
0.000288
0.000288
0.000288
0.000287
0.000287
0.000287
0.000287
0.000287
0.000287
0.000287
0.000287
0.000287
0.000287
0.000287
0.000287
0.000287
0.000287
0.000287
0.000287
0.000287
0.000287
